Thickness of SUS flat deg [mm]1	(B-C) stopped in THIS detector	Thickness of SUS flat deg [mm]2	(C)   yield after THIS detector 	Thickness of SUS flat deg [mm]3	(A-B) stopped before THIS detector	Thickness of SUS flat deg [mm]4	(B)   yield before THIS detector	
0.660000	0         	0.660000	0.0978446 	0.660000	0.00298936	0.660000	0.0978446 	
0.660556	0         	0.660556	0.0978427 	0.660556	0.00299129	0.660556	0.0978427 	
0.661111	0         	0.661111	0.0978407 	0.661111	0.00299322	0.661111	0.0978407 	
0.661667	0         	0.661667	0.0978388 	0.661667	0.00299514	0.661667	0.0978388 	
0.662222	0         	0.662222	0.0978369 	0.662222	0.00299706	0.662222	0.0978369 	
0.662778	0         	0.662778	0.097835  	0.662778	0.00299898	0.662778	0.097835  	
0.663333	0         	0.663333	0.0978331 	0.663333	0.00300089	0.663333	0.0978331 	
0.663889	0         	0.663889	0.0978312 	0.663889	0.0030028 	0.663889	0.0978312 	
0.664444	0         	0.664444	0.0978293 	0.664444	0.0030047 	0.664444	0.0978293 	
0.665000	0         	0.665000	0.0978274 	0.665000	0.0030066 	0.665000	0.0978274 	
0.665556	0         	0.665556	0.0978255 	0.665556	0.0030085 	0.665556	0.0978255 	
0.666111	0         	0.666111	0.0978236 	0.666111	0.00301039	0.666111	0.0978236 	
0.666667	0         	0.666667	0.0978217 	0.666667	0.00301228	0.666667	0.0978217 	
0.667222	0         	0.667222	0.0978198 	0.667222	0.00301417	0.667222	0.0978198 	
0.667778	0         	0.667778	0.0978179 	0.667778	0.00301605	0.667778	0.0978179 	
0.668333	0         	0.668333	0.097816  	0.668333	0.00301792	0.668333	0.097816  	
0.668889	0         	0.668889	0.0978142 	0.668889	0.0030198 	0.668889	0.0978142 	
0.669444	0         	0.669444	0.0978123 	0.669444	0.00302166	0.669444	0.0978123 	
0.670000	0         	0.670000	0.0978104 	0.670000	0.00302353	0.670000	0.0978104 	
0.670556	0         	0.670556	0.0978086 	0.670556	0.00302538	0.670556	0.0978086 	
0.671111	0         	0.671111	0.0978067 	0.671111	0.00302724	0.671111	0.0978067 	
0.671667	0         	0.671667	0.0978049 	0.671667	0.00302909	0.671667	0.0978049 	
0.672222	0         	0.672222	0.097803  	0.672222	0.00303093	0.672222	0.097803  	
0.672778	0         	0.672778	0.0978012 	0.672778	0.00303276	0.672778	0.0978012 	
0.673333	0         	0.673333	0.0977994 	0.673333	0.00303459	0.673333	0.0977994 	
0.673889	0         	0.673889	0.0977975 	0.673889	0.00303642	0.673889	0.0977975 	
0.674444	0         	0.674444	0.0977957 	0.674444	0.00303824	0.674444	0.0977957 	
0.675000	0         	0.675000	0.0977939 	0.675000	0.00304005	0.675000	0.0977939 	
0.675556	0         	0.675556	0.0977921 	0.675556	0.00304186	0.675556	0.0977921 	
0.676111	0         	0.676111	0.0977903 	0.676111	0.00304367	0.676111	0.0977903 	
0.676667	0         	0.676667	0.0977885 	0.676667	0.00304546	0.676667	0.0977885 	
0.677222	0         	0.677222	0.0977867 	0.677222	0.00304726	0.677222	0.0977867 	
0.677778	0         	0.677778	0.0977849 	0.677778	0.00304904	0.677778	0.0977849 	
0.678333	0         	0.678333	0.0977831 	0.678333	0.00305082	0.678333	0.0977831 	
0.678889	0         	0.678889	0.0977814 	0.678889	0.0030526 	0.678889	0.0977814 	
0.679444	0         	0.679444	0.0977796 	0.679444	0.00305437	0.679444	0.0977796 	
0.680000	0         	0.680000	0.0977778 	0.680000	0.00305613	0.680000	0.0977778 	
0.680556	0         	0.680556	0.0977761 	0.680556	0.00305788	0.680556	0.0977761 	
0.681111	0         	0.681111	0.0977743 	0.681111	0.00305963	0.681111	0.0977743 	
0.681667	0         	0.681667	0.0977726 	0.681667	0.00306137	0.681667	0.0977726 	
0.682222	0         	0.682222	0.0977709 	0.682222	0.0030631 	0.682222	0.0977709 	
0.682778	0         	0.682778	0.0977691 	0.682778	0.00306483	0.682778	0.0977691 	
0.683333	0         	0.683333	0.0977674 	0.683333	0.00306655	0.683333	0.0977674 	
0.683889	0         	0.683889	0.0977657 	0.683889	0.00306826	0.683889	0.0977657 	
0.684444	0         	0.684444	0.097764  	0.684444	0.00306997	0.684444	0.097764  	
0.685000	0         	0.685000	0.0977623 	0.685000	0.00307166	0.685000	0.0977623 	
0.685556	0         	0.685556	0.0977606 	0.685556	0.00307335	0.685556	0.0977606 	
0.686111	0         	0.686111	0.0977589 	0.686111	0.00307503	0.686111	0.0977589 	
0.686667	0         	0.686667	0.0977573 	0.686667	0.0030767 	0.686667	0.0977573 	
0.687222	0         	0.687222	0.0977556 	0.687222	0.00307836	0.687222	0.0977556 	
0.687778	0         	0.687778	0.0977539 	0.687778	0.00308001	0.687778	0.0977539 	
0.688333	0         	0.688333	0.0977523 	0.688333	0.00308166	0.688333	0.0977523 	
0.688889	0         	0.688889	0.0977507 	0.688889	0.00308329	0.688889	0.0977507 	
0.689444	0         	0.689444	0.097749  	0.689444	0.00308491	0.689444	0.097749  	
0.690000	0         	0.690000	0.0977474 	0.690000	0.00308653	0.690000	0.0977474 	
0.690556	0         	0.690556	0.0977458 	0.690556	0.00308813	0.690556	0.0977458 	
0.691111	0         	0.691111	0.0977442 	0.691111	0.00308972	0.691111	0.0977442 	
0.691667	0         	0.691667	0.0977427 	0.691667	0.0030913 	0.691667	0.0977427 	
0.692222	0         	0.692222	0.0977411 	0.692222	0.00309288	0.692222	0.0977411 	
0.692778	7.09872e-12	0.692778	0.0977395 	0.692778	0.00309443	0.692778	0.0977395 	
0.693333	1.17134e-10	0.693333	0.097738  	0.693333	0.00309598	0.693333	0.097738  	
0.693889	7.71421e-10	0.693889	0.0977364 	0.693889	0.00309751	0.693889	0.0977364 	
0.694444	5.47054e-09	0.694444	0.0977344 	0.694444	0.00309954	0.694444	0.0977344 	
0.695000	1.77476e-08	0.695000	0.0977329 	0.695000	0.00310106	0.695000	0.0977329 	
0.695556	4.94109e-08	0.695556	0.0977314 	0.695556	0.00310256	0.695556	0.0977314 	
0.696111	1.23328e-07	0.696111	0.0977298 	0.696111	0.00310405	0.696111	0.0977299 	
0.696667	2.55662e-07	0.696667	0.0977282 	0.696667	0.00310553	0.696667	0.0977284 	
0.697222	4.61701e-07	0.697222	0.0977265 	0.697222	0.00310701	0.697222	0.097727  	
0.697778	7.93522e-07	0.697778	0.0977247 	0.697778	0.0031085 	0.697778	0.0977255 	
0.698333	1.2674e-06	0.698333	0.0977227 	0.698333	0.00311003	0.698333	0.0977239 	
0.698889	1.9123e-06	0.698889	0.0977204 	0.698889	0.00311162	0.698889	0.0977223 	
0.699444	2.82749e-06	0.699444	0.0977178 	0.699444	0.00311331	0.699444	0.0977206 	
0.700000	4.07184e-06	0.700000	0.0977147 	0.700000	0.00311522	0.700000	0.0977187 	
0.700556	5.71556e-06	0.700556	0.097711  	0.700556	0.00311729	0.700556	0.0977167 	
0.701111	7.94162e-06	0.701111	0.0977063 	0.701111	0.00311968	0.701111	0.0977143 	
0.701667	1.11484e-05	0.701667	0.0977003 	0.701667	0.0031225 	0.701667	0.0977115 	
0.702222	1.513e-05 	0.702222	0.0976929 	0.702222	0.00312593	0.702222	0.097708  	
0.702778	2.03079e-05	0.702778	0.0976835 	0.702778	0.00313014	0.702778	0.0977038 	
0.703333	2.707e-05 	0.703333	0.0976715 	0.703333	0.00313541	0.703333	0.0976986 	
0.703889	3.59606e-05	0.703889	0.0976559 	0.703889	0.00314215	0.703889	0.0976918 	
0.704444	4.69336e-05	0.704444	0.0976365 	0.704444	0.00315057	0.704444	0.0976834 	
0.705000	6.08912e-05	0.705000	0.0976117 	0.705000	0.00316136	0.705000	0.0976726 	
0.705556	7.8143e-05	0.705556	0.0975809 	0.705556	0.00317488	0.705556	0.0976591 	
0.706111	9.93251e-05	0.706111	0.0975425 	0.706111	0.00319211	0.706111	0.0976418 	
0.706667	0.000125118	0.706667	0.097495  	0.706667	0.00321387	0.706667	0.0976201 	
0.707222	0.000156603	0.707222	0.0974365 	0.707222	0.00324087	0.707222	0.0975931 	
0.707778	0.000194453	0.707778	0.0973649 	0.707778	0.00327462	0.707778	0.0975593 	
0.708333	0.000239685	0.708333	0.0972784 	0.708333	0.00331588	0.708333	0.0975181 	
0.708889	0.000292998	0.708889	0.0971742 	0.708889	0.00336681	0.708889	0.0974672 	
0.709444	0.000355843	0.709444	0.0970501 	0.709444	0.00342806	0.709444	0.0974059 	
0.710000	0.000428428	0.710000	0.0969031 	0.710000	0.00350241	0.710000	0.0973315 	
0.710556	0.000512773	0.710556	0.0967309 	0.710556	0.00359031	0.710556	0.0972437 	
0.711111	0.000609706	0.711111	0.0965294 	0.711111	0.00369484	0.711111	0.0971391 	
0.711667	0.000719953	0.711667	0.0962968 	0.711667	0.00381724	0.711667	0.0970167 	
0.712222	0.000844994	0.712222	0.0960293 	0.712222	0.00395968	0.712222	0.0968743 	
0.712778	0.000985813	0.712778	0.0957253 	0.712778	0.00412285	0.712778	0.0967111 	
0.713333	0.00114298	0.713333	0.0953817 	0.713333	0.00430924	0.713333	0.0965247 	
0.713889	0.00131769	0.713889	0.0949971 	0.713889	0.00451919	0.713889	0.0963148 	
0.714444	0.00151156	0.714444	0.0945675 	0.714444	0.00475492	0.714444	0.096079  	
0.715000	0.00172515	0.715000	0.0940923 	0.715000	0.00501654	0.715000	0.0958174 	
0.715556	0.00195872	0.715556	0.0935705 	0.715556	0.00530478	0.715556	0.0955292 	
0.716111	0.00221361	0.716111	0.0930009 	0.716111	0.00561941	0.716111	0.0952145 	
0.716667	0.00249045	0.716667	0.092384  	0.716667	0.00595956	0.716667	0.0948744 	
0.717222	0.00278947	0.717222	0.0917211 	0.717222	0.00632337	0.717222	0.0945106 	
0.717778	0.00311086	0.717778	0.0910167 	0.717778	0.00670643	0.717778	0.0941275 	
0.718333	0.00345586	0.718333	0.0902717 	0.718333	0.00710636	0.718333	0.0937276 	
0.718889	0.00382423	0.718889	0.0894894 	0.718889	0.00752035	0.718889	0.0933136 	
0.719444	0.00421727	0.719444	0.0886729 	0.719444	0.00794379	0.719444	0.0928902 	
0.720000	0.0046374 	0.720000	0.0878221 	0.720000	0.0083745 	0.720000	0.0924595 	
0.720556	0.00508398	0.720556	0.0869425 	0.720556	0.00880752	0.720556	0.0920264 	
0.721111	0.00555531	0.721111	0.0860408 	0.721111	0.0092379 	0.721111	0.0915961 	
0.721667	0.0060559 	0.721667	0.085111  	0.721667	0.00966709	0.721667	0.0911669 	
0.722222	0.00658591	0.722222	0.0841589 	0.722222	0.0100891 	0.722222	0.0907448 	
0.722778	0.00714189	0.722778	0.0831782 	0.722778	0.0105139 	0.722778	0.09032   	
0.723333	0.00772107	0.723333	0.0821789 	0.723333	0.010934  	0.723333	0.0899    	
0.723889	0.00831735	0.723889	0.0811684 	0.723889	0.0113482 	0.723889	0.0894857 	
0.724444	0.00893504	0.724444	0.0801412 	0.724444	0.0117578 	0.724444	0.0890762 	
0.725000	0.00955766	0.725000	0.0791047 	0.725000	0.0121716 	0.725000	0.0886624 	
0.725556	0.0101938 	0.725556	0.0780573 	0.725556	0.0125829 	0.725556	0.0882511 	
0.726111	0.0108307 	0.726111	0.0770108 	0.726111	0.0129925 	0.726111	0.0878415 	
0.726667	0.0114819 	0.726667	0.0758939 	0.726667	0.0134582 	0.726667	0.0873758 	
0.727222	0.0121187 	0.727222	0.0748195 	0.727222	0.0138957 	0.727222	0.0869383 	
0.727778	0.0128509 	0.727778	0.0736218 	0.727778	0.0143612 	0.727778	0.0864728 	
0.728333	0.013655  	0.728333	0.072284  	0.728333	0.014895  	0.728333	0.085939  	
0.728889	0.0143398 	0.728889	0.0709198 	0.728889	0.0155744 	0.728889	0.0852596 	
0.729444	0.0152399 	0.729444	0.0691973 	0.729444	0.0163968 	0.729444	0.0844372 	
0.730000	0.0159313 	0.730000	0.0672716 	0.730000	0.017631  	0.730000	0.083203  	
0.730556	0.0168267 	0.730556	0.0648573 	0.730556	0.0191499 	0.730556	0.081684  	
0.731111	0.0174695 	0.731111	0.0619981 	0.731111	0.0213664 	0.731111	0.0794676 	
0.731667	0.0182576 	0.731667	0.0585534 	0.731667	0.024023  	0.731667	0.076811  	
0.732222	0.0186386 	0.732222	0.0545354 	0.732222	0.02766   	0.732222	0.073174  	
0.732778	0.0191613 	0.732778	0.0497951 	0.732778	0.0318775 	0.732778	0.0689565 	
0.733333	0.0190579 	0.733333	0.0445671 	0.733333	0.0372089 	0.733333	0.0636251 	
0.733889	0.0191008 	0.733889	0.0387365 	0.733889	0.0429966 	0.733889	0.0578373 	
0.734444	0.0183767 	0.734444	0.0327892 	0.734444	0.0496681 	0.734444	0.0511658 	
0.735000	0.0177433 	0.735000	0.0267017 	0.735000	0.056389  	0.735000	0.044445  	
0.735556	0.0165633 	0.735556	0.0210642 	0.735556	0.0632065 	0.735556	0.0376275 	
0.736111	0.0153718 	0.736111	0.0161119 	0.736111	0.0693503 	0.736111	0.0314837 	
0.736667	0.0141887 	0.736667	0.0121154 	0.736667	0.0745299 	0.736667	0.0263041 	
0.737222	0.0129811 	0.737222	0.00933874	0.737222	0.0785142 	0.737222	0.0223198 	
0.737778	0.0120923 	0.737778	0.00746959	0.737778	0.081272  	0.737778	0.0195619 	
0.738333	0.0112917 	0.738333	0.00621881	0.738333	0.0833235 	0.738333	0.0175105 	
0.738889	0.0105641 	0.738889	0.00528103	0.738889	0.0849888 	0.738889	0.0158451 	
0.739444	0.00993944	0.739444	0.00460773	0.739444	0.0862868 	0.739444	0.0145472 	
0.740000	0.00376076	0.740000	0.000167645	0.740000	0.0969056 	0.740000	0.00392841	
0.740556	0.00288687	0.740556	0         	0.740556	0.0979471 	0.740556	0.00288687	
0.741111	0.00231299	0.741111	0         	0.741111	0.098521  	0.741111	0.00231299	
0.741667	0.00204707	0.741667	0         	0.741667	0.0987869 	0.741667	0.00204707	
0.742222	3.99994e-05	0.742222	0         	0.742222	0.100794  	0.742222	3.99994e-05	
0.742778	0.00103833	0.742778	0         	0.742778	0.0997956 	0.742778	0.00103833	
0.743333	7.67225e-12	0.743333	0         	0.743333	0.100834  	0.743333	7.67225e-12	
0.743889	0.000284705	0.743889	0         	0.743889	0.100549  	0.743889	0.000284705	
0.744444	0.000152241	0.744444	0         	0.744444	0.100682  	0.744444	0.000152241	
0.745000	2.2013e-17	0.745000	0         	0.745000	0.100834  	0.745000	2.2013e-17	
0.745556	3.16457e-05	0.745556	0         	0.745556	0.100802  	0.745556	3.16457e-05	
0.746111	0         	0.746111	0         	0.746111	0.100834  	0.746111	0         	
0.746667	0         	0.746667	0         	0.746667	0.100834  	0.746667	0         	
0.747222	0         	0.747222	0         	0.747222	0.100834  	0.747222	0         	
0.747778	0         	0.747778	0         	0.747778	0.100834  	0.747778	0         	
0.748333	0         	0.748333	0         	0.748333	0.100834  	0.748333	0         	
0.748889	0         	0.748889	0         	0.748889	0.100834  	0.748889	0         	
0.749444	0         	0.749444	0         	0.749444	0.100834  	0.749444	0         	
0.750000	0         	0.750000	0         	0.750000	0.100834  	0.750000	0         	
0.750556	0         	0.750556	0         	0.750556	0.100834  	0.750556	0         	
0.751111	0         	0.751111	0         	0.751111	0.100834  	0.751111	0         	
0.751667	0         	0.751667	0         	0.751667	0.100834  	0.751667	0         	
0.752222	0         	0.752222	0         	0.752222	0.100834  	0.752222	0         	
0.752778	0         	0.752778	0         	0.752778	0.100834  	0.752778	0         	
0.753333	0         	0.753333	0         	0.753333	0.100834  	0.753333	0         	
0.753889	0         	0.753889	0         	0.753889	0.100834  	0.753889	0         	
0.754444	0         	0.754444	0         	0.754444	0.100834  	0.754444	0         	
0.755000	0         	0.755000	0         	0.755000	0.100834  	0.755000	0         	
0.755556	0         	0.755556	0         	0.755556	0.100834  	0.755556	0         	
0.756111	0         	0.756111	0         	0.756111	0.100834  	0.756111	0         	
0.756667	0         	0.756667	0         	0.756667	0.100834  	0.756667	0         	
0.757222	0         	0.757222	0         	0.757222	0.100834  	0.757222	0         	
0.757778	0         	0.757778	0         	0.757778	0.100834  	0.757778	0         	
0.758333	0         	0.758333	0         	0.758333	0.100834  	0.758333	0         	
0.758889	0         	0.758889	0         	0.758889	0.100834  	0.758889	0         	
0.759444	0         	0.759444	0         	0.759444	0.100834  	0.759444	0         	
0.760000	0         	0.760000	0         	0.760000	0.100834  	0.760000	0         	
