Thickness of SUS flat deg [mm]1	(B-C) stopped in THIS detector	Thickness of SUS flat deg [mm]2	(C)   yield after THIS detector 	Thickness of SUS flat deg [mm]3	(A-B) stopped before THIS detector	Thickness of SUS flat deg [mm]4	(B)   yield before THIS detector	
0.800000	0         	0.800000	0.40128   	0.800000	0.0144221 	0.800000	0.40128   	
0.800667	0         	0.800667	0.401271  	0.800667	0.0144317 	0.800667	0.401271  	
0.801333	0         	0.801333	0.401261  	0.801333	0.0144413 	0.801333	0.401261  	
0.802000	0         	0.802000	0.401251  	0.802000	0.014451  	0.802000	0.401251  	
0.802667	0         	0.802667	0.401242  	0.802667	0.0144606 	0.802667	0.401242  	
0.803333	0         	0.803333	0.401232  	0.803333	0.0144701 	0.803333	0.401232  	
0.804000	0         	0.804000	0.401223  	0.804000	0.0144797 	0.804000	0.401223  	
0.804667	0         	0.804667	0.401213  	0.804667	0.0144893 	0.804667	0.401213  	
0.805333	0         	0.805333	0.401204  	0.805333	0.0144988 	0.805333	0.401204  	
0.806000	0         	0.806000	0.401194  	0.806000	0.0145083 	0.806000	0.401194  	
0.806667	0         	0.806667	0.401185  	0.806667	0.0145178 	0.806667	0.401185  	
0.807333	0         	0.807333	0.401175  	0.807333	0.0145273 	0.807333	0.401175  	
0.808000	0         	0.808000	0.401166  	0.808000	0.0145368 	0.808000	0.401166  	
0.808667	0         	0.808667	0.401156  	0.808667	0.0145462 	0.808667	0.401156  	
0.809333	0         	0.809333	0.401147  	0.809333	0.0145557 	0.809333	0.401147  	
0.810000	0         	0.810000	0.401137  	0.810000	0.0145651 	0.810000	0.401137  	
0.810667	0         	0.810667	0.401128  	0.810667	0.0145745 	0.810667	0.401128  	
0.811333	0         	0.811333	0.401118  	0.811333	0.0145839 	0.811333	0.401118  	
0.812000	0         	0.812000	0.401109  	0.812000	0.0145932 	0.812000	0.401109  	
0.812667	0         	0.812667	0.4011    	0.812667	0.0146026 	0.812667	0.4011    	
0.813333	0         	0.813333	0.40109   	0.813333	0.0146119 	0.813333	0.40109   	
0.814000	0         	0.814000	0.401081  	0.814000	0.0146212 	0.814000	0.401081  	
0.814667	0         	0.814667	0.401072  	0.814667	0.0146305 	0.814667	0.401072  	
0.815333	0         	0.815333	0.401063  	0.815333	0.0146398 	0.815333	0.401063  	
0.816000	0         	0.816000	0.401053  	0.816000	0.014649  	0.816000	0.401053  	
0.816667	0         	0.816667	0.401044  	0.816667	0.0146582 	0.816667	0.401044  	
0.817333	0         	0.817333	0.401035  	0.817333	0.0146674 	0.817333	0.401035  	
0.818000	0         	0.818000	0.401026  	0.818000	0.0146766 	0.818000	0.401026  	
0.818667	0         	0.818667	0.401017  	0.818667	0.0146857 	0.818667	0.401017  	
0.819333	0         	0.819333	0.401007  	0.819333	0.0146949 	0.819333	0.401007  	
0.820000	0         	0.820000	0.400998  	0.820000	0.014704  	0.820000	0.400998  	
0.820667	0         	0.820667	0.400989  	0.820667	0.0147131 	0.820667	0.400989  	
0.821333	0         	0.821333	0.40098   	0.821333	0.0147221 	0.821333	0.40098   	
0.822000	0         	0.822000	0.400971  	0.822000	0.0147311 	0.822000	0.400971  	
0.822667	0         	0.822667	0.400962  	0.822667	0.0147401 	0.822667	0.400962  	
0.823333	0         	0.823333	0.400953  	0.823333	0.0147491 	0.823333	0.400953  	
0.824000	0         	0.824000	0.400944  	0.824000	0.0147581 	0.824000	0.400944  	
0.824667	0         	0.824667	0.400935  	0.824667	0.014767  	0.824667	0.400935  	
0.825333	0         	0.825333	0.400927  	0.825333	0.0147758 	0.825333	0.400927  	
0.826000	0         	0.826000	0.400918  	0.826000	0.0147847 	0.826000	0.400918  	
0.826667	0         	0.826667	0.400909  	0.826667	0.0147935 	0.826667	0.400909  	
0.827333	0         	0.827333	0.4009    	0.827333	0.0148023 	0.827333	0.4009    	
0.828000	0         	0.828000	0.400891  	0.828000	0.0148111 	0.828000	0.400891  	
0.828667	0         	0.828667	0.400883  	0.828667	0.0148198 	0.828667	0.400883  	
0.829333	0         	0.829333	0.400874  	0.829333	0.0148285 	0.829333	0.400874  	
0.830000	0         	0.830000	0.400865  	0.830000	0.0148371 	0.830000	0.400865  	
0.830667	0         	0.830667	0.400857  	0.830667	0.0148457 	0.830667	0.400857  	
0.831333	0         	0.831333	0.400848  	0.831333	0.0148543 	0.831333	0.400848  	
0.832000	0         	0.832000	0.40084   	0.832000	0.0148628 	0.832000	0.40084   	
0.832667	0         	0.832667	0.400831  	0.832667	0.0148713 	0.832667	0.400831  	
0.833333	0         	0.833333	0.400823  	0.833333	0.0148797 	0.833333	0.400823  	
0.834000	0         	0.834000	0.400814  	0.834000	0.0148881 	0.834000	0.400814  	
0.834667	0         	0.834667	0.400806  	0.834667	0.0148965 	0.834667	0.400806  	
0.835333	0         	0.835333	0.400798  	0.835333	0.0149048 	0.835333	0.400798  	
0.836000	0         	0.836000	0.400789  	0.836000	0.014913  	0.836000	0.400789  	
0.836667	0         	0.836667	0.400781  	0.836667	0.0149213 	0.836667	0.400781  	
0.837333	0         	0.837333	0.400773  	0.837333	0.0149294 	0.837333	0.400773  	
0.838000	0         	0.838000	0.400765  	0.838000	0.0149375 	0.838000	0.400765  	
0.838667	0         	0.838667	0.400757  	0.838667	0.0149456 	0.838667	0.400757  	
0.839333	0         	0.839333	0.400749  	0.839333	0.0149536 	0.839333	0.400749  	
0.840000	0         	0.840000	0.400741  	0.840000	0.0149616 	0.840000	0.400741  	
0.840667	0         	0.840667	0.400733  	0.840667	0.0149695 	0.840667	0.400733  	
0.841333	0         	0.841333	0.400725  	0.841333	0.0149773 	0.841333	0.400725  	
0.842000	0         	0.842000	0.400717  	0.842000	0.0149851 	0.842000	0.400717  	
0.842667	0         	0.842667	0.40071   	0.842667	0.0149928 	0.842667	0.40071   	
0.843333	0         	0.843333	0.400702  	0.843333	0.0150005 	0.843333	0.400702  	
0.844000	0         	0.844000	0.400694  	0.844000	0.0150081 	0.844000	0.400694  	
0.844667	0         	0.844667	0.400687  	0.844667	0.0150156 	0.844667	0.400687  	
0.845333	0         	0.845333	0.400679  	0.845333	0.015023  	0.845333	0.400679  	
0.846000	0         	0.846000	0.400672  	0.846000	0.0150304 	0.846000	0.400672  	
0.846667	0         	0.846667	0.400665  	0.846667	0.0150377 	0.846667	0.400665  	
0.847333	0         	0.847333	0.400658  	0.847333	0.0150449 	0.847333	0.400658  	
0.848000	0         	0.848000	0.40065   	0.848000	0.015052  	0.848000	0.40065   	
0.848667	0         	0.848667	0.400643  	0.848667	0.015059  	0.848667	0.400643  	
0.849333	5.87913e-09	0.849333	0.400636  	0.849333	0.0150659 	0.849333	0.400636  	
0.850000	3.49237e-07	0.850000	0.400629  	0.850000	0.0150728 	0.850000	0.40063   	
0.850667	5.96423e-06	0.850667	0.400617  	0.850667	0.0150795 	0.850667	0.400623  	
0.851333	2.3144e-05	0.851333	0.400593  	0.851333	0.0150861 	0.851333	0.400616  	
0.852000	2.82793e-05	0.852000	0.400581  	0.852000	0.0150935 	0.852000	0.400609  	
0.852667	4.14427e-05	0.852667	0.400555  	0.852667	0.0151064 	0.852667	0.400596  	
0.853333	6.03857e-05	0.853333	0.400515  	0.853333	0.015127  	0.853333	0.400575  	
0.854000	8.63504e-05	0.854000	0.400464  	0.854000	0.0151517 	0.854000	0.400551  	
0.854667	0.000124264	0.854667	0.400393  	0.854667	0.0151853 	0.854667	0.400517  	
0.855333	0.000176636	0.855333	0.400295  	0.855333	0.0152308 	0.855333	0.400472  	
0.856000	0.000247741	0.856000	0.400161  	0.856000	0.0152933 	0.856000	0.400409  	
0.856667	0.000342755	0.856667	0.39998   	0.856667	0.0153794 	0.856667	0.400323  	
0.857333	0.000468279	0.857333	0.399736  	0.857333	0.0154977 	0.857333	0.400205  	
0.858000	0.000630939	0.858000	0.399413  	0.858000	0.015658  	0.858000	0.400044  	
0.858667	0.000838616	0.858667	0.39899   	0.858667	0.0158734 	0.858667	0.399829  	
0.859333	0.00110005	0.859333	0.398442  	0.859333	0.0161599 	0.859333	0.399543  	
0.860000	0.00142307	0.860000	0.397745  	0.860000	0.0165346 	0.860000	0.399168  	
0.860667	0.00181816	0.860667	0.396864  	0.860667	0.0170205 	0.860667	0.398682  	
0.861333	0.00229295	0.861333	0.39577   	0.861333	0.0176396 	0.861333	0.398063  	
0.862000	0.00285498	0.862000	0.394431  	0.862000	0.0184166 	0.862000	0.397286  	
0.862667	0.00351398	0.862667	0.392807  	0.862667	0.0193816 	0.862667	0.396321  	
0.863333	0.004272  	0.863333	0.390875  	0.863333	0.020555  	0.863333	0.395147  	
0.864000	0.00513633	0.864000	0.388597  	0.864000	0.0219691 	0.864000	0.393733  	
0.864667	0.0061067 	0.864667	0.385949  	0.864667	0.0236467 	0.864667	0.392056  	
0.865333	0.00718544	0.865333	0.382907  	0.865333	0.0256096 	0.865333	0.390093  	
0.866000	0.00836844	0.866000	0.379463  	0.866000	0.0278712 	0.866000	0.387831  	
0.866667	0.00964813	0.866667	0.37563   	0.866667	0.0304245 	0.866667	0.385278  	
0.867333	0.0110183 	0.867333	0.371422  	0.867333	0.0332621 	0.867333	0.38244   	
0.868000	0.0124675 	0.868000	0.366888  	0.868000	0.0363471 	0.868000	0.379355  	
0.868667	0.0139844 	0.868667	0.362099  	0.868667	0.039619  	0.868667	0.376083  	
0.869333	0.015558  	0.869333	0.35715   	0.869333	0.0429945 	0.869333	0.372708  	
0.870000	0.017182  	0.870000	0.35216   	0.870000	0.0463604 	0.870000	0.369342  	
0.870667	0.0188558 	0.870667	0.347231  	0.870667	0.0496153 	0.870667	0.366087  	
0.871333	0.0206048 	0.871333	0.342394  	0.871333	0.0527039 	0.871333	0.362998  	
0.872000	0.0224412 	0.872000	0.337753  	0.872000	0.0555081 	0.872000	0.360194  	
0.872667	0.024382  	0.872667	0.333403  	0.872667	0.0579178 	0.872667	0.357785  	
0.873333	0.0264076 	0.873333	0.329348  	0.873333	0.0599473 	0.873333	0.355755  	
0.874000	0.0285678 	0.874000	0.326122  	0.874000	0.0610126 	0.874000	0.35469   	
0.874667	0.0309249 	0.874667	0.323902  	0.874667	0.0608753 	0.874667	0.354827  	
0.875333	0.0335624 	0.875333	0.322446  	0.875333	0.0596935 	0.875333	0.356009  	
0.876000	0.036641  	0.876000	0.321154  	0.876000	0.0579075 	0.876000	0.357795  	
0.876667	0.0403405 	0.876667	0.319326  	0.876667	0.0560357 	0.876667	0.359667  	
0.877333	0.0448453 	0.877333	0.316343  	0.877333	0.0545139 	0.877333	0.361188  	
0.878000	0.0501753 	0.878000	0.312312  	0.878000	0.0532153 	0.878000	0.362487  	
0.878667	0.0564353 	0.878667	0.306773  	0.878667	0.0524942 	0.878667	0.363208  	
0.879333	0.0633725 	0.879333	0.299029  	0.879333	0.0533005 	0.879333	0.362402  	
0.880000	0.0689043 	0.880000	0.287713  	0.880000	0.0590852 	0.880000	0.356617  	
0.880667	0.0750439 	0.880667	0.272426  	0.880667	0.0682325 	0.880667	0.34747   	
0.881333	0.0802335 	0.881333	0.25238   	0.881333	0.0830888 	0.881333	0.332614  	
0.882000	0.0831548 	0.882000	0.228451  	0.882000	0.104097  	0.882000	0.311605  	
0.882667	0.085701  	0.882667	0.200521  	0.882667	0.12948   	0.882667	0.286222  	
0.883333	0.0871125 	0.883333	0.169806  	0.883333	0.158784  	0.883333	0.256919  	
0.884000	0.0873086 	0.884000	0.13816   	0.884000	0.190234  	0.884000	0.225469  	
0.884667	0.108047  	0.884667	0.0375002 	0.884667	0.270156  	0.884667	0.145547  	
0.885333	0.100555  	0.885333	0.0112639 	0.885333	0.303883  	0.885333	0.111819  	
0.886000	0.0889472 	0.886000	0.0011348 	0.886000	0.32562   	0.886000	0.090082  	
0.886667	0.0551889 	0.886667	0         	0.886667	0.360513  	0.886667	0.0551889 	
0.887333	0.0323338 	0.887333	0         	0.887333	0.383369  	0.887333	0.0323338 	
0.888000	0.0134628 	0.888000	0         	0.888000	0.40224   	0.888000	0.0134628 	
0.888667	0.00856376	0.888667	0         	0.888667	0.407139  	0.888667	0.00856376	
0.889333	0.00254303	0.889333	0         	0.889333	0.413159  	0.889333	0.00254303	
0.890000	0.000866438	0.890000	0         	0.890000	0.414836  	0.890000	0.000866438	
0.890667	0.000345238	0.890667	0         	0.890667	0.415357  	0.890667	0.000345238	
0.891333	3.02259e-17	0.891333	0         	0.891333	0.415702  	0.891333	3.02259e-17	
0.892000	0         	0.892000	0         	0.892000	0.415702  	0.892000	0         	
0.892667	0         	0.892667	0         	0.892667	0.415702  	0.892667	0         	
0.893333	0         	0.893333	0         	0.893333	0.415702  	0.893333	0         	
0.894000	0         	0.894000	0         	0.894000	0.415702  	0.894000	0         	
0.894667	0         	0.894667	0         	0.894667	0.415702  	0.894667	0         	
0.895333	0         	0.895333	0         	0.895333	0.415702  	0.895333	0         	
0.896000	0         	0.896000	0         	0.896000	0.415702  	0.896000	0         	
0.896667	0         	0.896667	0         	0.896667	0.415702  	0.896667	0         	
0.897333	0         	0.897333	0         	0.897333	0.415702  	0.897333	0         	
0.898000	0         	0.898000	0         	0.898000	0.415702  	0.898000	0         	
0.898667	0         	0.898667	0         	0.898667	0.415702  	0.898667	0         	
0.899333	0         	0.899333	0         	0.899333	0.415702  	0.899333	0         	
0.900000	0         	0.900000	0         	0.900000	0.415702  	0.900000	0         	
0.900667	0         	0.900667	0         	0.900667	0.415702  	0.900667	0         	
0.901333	0         	0.901333	0         	0.901333	0.415702  	0.901333	0         	
0.902000	0         	0.902000	0         	0.902000	0.415702  	0.902000	0         	
0.902667	0         	0.902667	0         	0.902667	0.415702  	0.902667	0         	
0.903333	0         	0.903333	0         	0.903333	0.415702  	0.903333	0         	
0.904000	0         	0.904000	0         	0.904000	0.415702  	0.904000	0         	
0.904667	0         	0.904667	0         	0.904667	0.415702  	0.904667	0         	
0.905333	0         	0.905333	0         	0.905333	0.415702  	0.905333	0         	
0.906000	0         	0.906000	0         	0.906000	0.415702  	0.906000	0         	
0.906667	0         	0.906667	0         	0.906667	0.415702  	0.906667	0         	
0.907333	0         	0.907333	0         	0.907333	0.415702  	0.907333	0         	
0.908000	0         	0.908000	0         	0.908000	0.415702  	0.908000	0         	
0.908667	0         	0.908667	0         	0.908667	0.415702  	0.908667	0         	
0.909333	0         	0.909333	0         	0.909333	0.415702  	0.909333	0         	
0.910000	0         	0.910000	0         	0.910000	0.415702  	0.910000	0         	
0.910667	0         	0.910667	0         	0.910667	0.415702  	0.910667	0         	
0.911333	0         	0.911333	0         	0.911333	0.415702  	0.911333	0         	
0.912000	0         	0.912000	0         	0.912000	0.415702  	0.912000	0         	
0.912667	0         	0.912667	0         	0.912667	0.415702  	0.912667	0         	
0.913333	0         	0.913333	0         	0.913333	0.415702  	0.913333	0         	
0.914000	0         	0.914000	0         	0.914000	0.415702  	0.914000	0         	
0.914667	0         	0.914667	0         	0.914667	0.415702  	0.914667	0         	
0.915333	0         	0.915333	0         	0.915333	0.415702  	0.915333	0         	
0.916000	0         	0.916000	0         	0.916000	0.415702  	0.916000	0         	
0.916667	0         	0.916667	0         	0.916667	0.415702  	0.916667	0         	
0.917333	0         	0.917333	0         	0.917333	0.415702  	0.917333	0         	
0.918000	0         	0.918000	0         	0.918000	0.415702  	0.918000	0         	
0.918667	0         	0.918667	0         	0.918667	0.415702  	0.918667	0         	
0.919333	0         	0.919333	0         	0.919333	0.415702  	0.919333	0         	
0.920000	0         	0.920000	0         	0.920000	0.415702  	0.920000	0         	
