Thickness of SUS flat deg [mm]1	(B-C) stopped in THIS detector	Thickness of SUS flat deg [mm]2	(C)   yield after THIS detector 	Thickness of SUS flat deg [mm]3	(A-B) stopped before THIS detector	Thickness of SUS flat deg [mm]4	(B)   yield before THIS detector	
0.800000	0         	0.800000	8.01175   	0.800000	0.289061  	0.800000	8.01175   	
0.800667	0         	0.800667	8.01156   	0.800667	0.289247  	0.800667	8.01156   	
0.801333	0         	0.801333	8.01137   	0.801333	0.289432  	0.801333	8.01137   	
0.802000	0         	0.802000	8.01119   	0.802000	0.289617  	0.802000	8.01119   	
0.802667	0         	0.802667	8.011     	0.802667	0.289802  	0.802667	8.011     	
0.803333	0         	0.803333	8.01082   	0.803333	0.289986  	0.803333	8.01082   	
0.804000	0         	0.804000	8.01064   	0.804000	0.29017   	0.804000	8.01064   	
0.804667	0         	0.804667	8.01045   	0.804667	0.290353  	0.804667	8.01045   	
0.805333	0         	0.805333	8.01027   	0.805333	0.290536  	0.805333	8.01027   	
0.806000	0         	0.806000	8.01009   	0.806000	0.290719  	0.806000	8.01009   	
0.806667	0         	0.806667	8.00991   	0.806667	0.290901  	0.806667	8.00991   	
0.807333	0         	0.807333	8.00972   	0.807333	0.291082  	0.807333	8.00972   	
0.808000	0         	0.808000	8.00954   	0.808000	0.291263  	0.808000	8.00954   	
0.808667	0         	0.808667	8.00936   	0.808667	0.291443  	0.808667	8.00936   	
0.809333	0         	0.809333	8.00918   	0.809333	0.291623  	0.809333	8.00918   	
0.810000	0         	0.810000	8.009     	0.810000	0.291802  	0.810000	8.009     	
0.810667	0         	0.810667	8.00883   	0.810667	0.29198   	0.810667	8.00883   	
0.811333	0         	0.811333	8.00865   	0.811333	0.292158  	0.811333	8.00865   	
0.812000	0         	0.812000	8.00847   	0.812000	0.292336  	0.812000	8.00847   	
0.812667	0         	0.812667	8.00829   	0.812667	0.292512  	0.812667	8.00829   	
0.813333	0         	0.813333	8.00812   	0.813333	0.292688  	0.813333	8.00812   	
0.814000	0         	0.814000	8.00794   	0.814000	0.292864  	0.814000	8.00794   	
0.814667	0         	0.814667	8.00777   	0.814667	0.293038  	0.814667	8.00777   	
0.815333	0         	0.815333	8.00759   	0.815333	0.293212  	0.815333	8.00759   	
0.816000	0         	0.816000	8.00742   	0.816000	0.293385  	0.816000	8.00742   	
0.816667	0         	0.816667	8.00725   	0.816667	0.293558  	0.816667	8.00725   	
0.817333	0         	0.817333	8.00708   	0.817333	0.29373   	0.817333	8.00708   	
0.818000	0         	0.818000	8.00691   	0.818000	0.293901  	0.818000	8.00691   	
0.818667	0         	0.818667	8.00674   	0.818667	0.294071  	0.818667	8.00674   	
0.819333	0         	0.819333	8.00657   	0.819333	0.29424   	0.819333	8.00657   	
0.820000	0         	0.820000	8.0064    	0.820000	0.294408  	0.820000	8.0064    	
0.820667	0         	0.820667	8.00623   	0.820667	0.294575  	0.820667	8.00623   	
0.821333	0         	0.821333	8.00606   	0.821333	0.294742  	0.821333	8.00606   	
0.822000	0         	0.822000	8.0059    	0.822000	0.294907  	0.822000	8.0059    	
0.822667	0         	0.822667	8.00574   	0.822667	0.295071  	0.822667	8.00574   	
0.823333	0         	0.823333	8.00557   	0.823333	0.295234  	0.823333	8.00557   	
0.824000	0         	0.824000	8.00541   	0.824000	0.295396  	0.824000	8.00541   	
0.824667	0         	0.824667	8.00525   	0.824667	0.295558  	0.824667	8.00525   	
0.825333	0         	0.825333	8.00509   	0.825333	0.295718  	0.825333	8.00509   	
0.826000	0         	0.826000	8.00493   	0.826000	0.295877  	0.826000	8.00493   	
0.826667	0         	0.826667	8.00477   	0.826667	0.296034  	0.826667	8.00477   	
0.827333	0         	0.827333	8.00462   	0.827333	0.296191  	0.827333	8.00462   	
0.828000	0         	0.828000	8.00446   	0.828000	0.296346  	0.828000	8.00446   	
0.828667	0         	0.828667	8.00431   	0.828667	0.2965    	0.828667	8.00431   	
0.829333	0         	0.829333	8.00415   	0.829333	0.296653  	0.829333	8.00415   	
0.830000	1.40141e-10	0.830000	8.004     	0.830000	0.296804  	0.830000	8.004     	
0.830667	3.85907e-08	0.830667	8.00385   	0.830667	0.296954  	0.830667	8.00385   	
0.831333	3.9866e-05	0.831333	8.00366   	0.831333	0.297102  	0.831333	8.0037    	
0.832000	4.20224e-05	0.832000	8.0035    	0.832000	0.297268  	0.832000	8.00354   	
0.832667	0.000166808	0.832667	8.00323   	0.832667	0.297414  	0.832667	8.00339   	
0.833333	0.000361076	0.833333	8.00288   	0.833333	0.297566  	0.833333	8.00324   	
0.834000	0.000574393	0.834000	8.00247   	0.834000	0.297762  	0.834000	8.00304   	
0.834667	0.000698892	0.834667	8.00208   	0.834667	0.298029  	0.834667	8.00278   	
0.835333	0.000946369	0.835333	8.00146   	0.835333	0.298396  	0.835333	8.00241   	
0.836000	0.00131791	0.836000	8.00061   	0.836000	0.298883  	0.836000	8.00192   	
0.836667	0.00181656	0.836667	7.99952   	0.836667	0.299467  	0.836667	8.00134   	
0.837333	0.00247765	0.837333	7.99812   	0.837333	0.300211  	0.837333	8.0006    	
0.838000	0.0033458 	0.838000	7.99627   	0.838000	0.301186  	0.838000	7.99962   	
0.838667	0.00447295	0.838667	7.99386   	0.838667	0.30247   	0.838667	7.99834   	
0.839333	0.00591976	0.839333	7.99073   	0.839333	0.304159  	0.839333	7.99665   	
0.840000	0.00775758	0.840000	7.98667   	0.840000	0.306377  	0.840000	7.99443   	
0.840667	0.0100655 	0.840667	7.98147   	0.840667	0.309273  	0.840667	7.99153   	
0.841333	0.012927  	0.841333	7.97486   	0.841333	0.313021  	0.841333	7.98779   	
0.842000	0.016435  	0.842000	7.96654   	0.842000	0.317834  	0.842000	7.98297   	
0.842667	0.0206856 	0.842667	7.95617   	0.842667	0.323951  	0.842667	7.97686   	
0.843333	0.0257762 	0.843333	7.94338   	0.843333	0.33165   	0.843333	7.96916   	
0.844000	0.0318095 	0.844000	7.92775   	0.844000	0.341246  	0.844000	7.95956   	
0.844667	0.0388733 	0.844667	7.90886   	0.844667	0.353075  	0.844667	7.94773   	
0.845333	0.0470665 	0.845333	7.88623   	0.845333	0.367507  	0.845333	7.9333    	
0.846000	0.0564653 	0.846000	7.85938   	0.846000	0.384962  	0.846000	7.91584   	
0.846667	0.0671219 	0.846667	7.82792   	0.846667	0.405767  	0.846667	7.89504   	
0.847333	0.0790944 	0.847333	7.79136   	0.847333	0.430356  	0.847333	7.87045   	
0.848000	0.0924117 	0.848000	7.74929   	0.848000	0.459102  	0.848000	7.8417    	
0.848667	0.107062  	0.848667	7.70143   	0.848667	0.49231   	0.848667	7.8085    	
0.849333	0.123026  	0.849333	7.64756   	0.849333	0.53022   	0.849333	7.77059   	
0.850000	0.140301  	0.850000	7.58734   	0.850000	0.573168  	0.850000	7.72764   	
0.850667	0.158827  	0.850667	7.52077   	0.850667	0.621205  	0.850667	7.6796    	
0.851333	0.178483  	0.851333	7.4479    	0.851333	0.674425  	0.851333	7.62638   	
0.852000	0.19909   	0.852000	7.36897   	0.852000	0.732749  	0.852000	7.56806   	
0.852667	0.220274  	0.852667	7.28555   	0.852667	0.794984  	0.852667	7.50582   	
0.853333	0.242055  	0.853333	7.19913   	0.853333	0.859624  	0.853333	7.44118   	
0.854000	0.264233  	0.854000	7.11245   	0.854000	0.924123  	0.854000	7.37668   	
0.854667	0.28667   	0.854667	7.0281    	0.854667	0.98604   	0.854667	7.31477   	
0.855333	0.309499  	0.855333	6.94787   	0.855333	1.04344   	0.855333	7.25736   	
0.856000	0.333261  	0.856000	6.87175   	0.856000	1.0958    	0.856000	7.20501   	
0.856667	0.358011  	0.856667	6.79407   	0.856667	1.14873   	0.856667	7.15208   	
0.857333	0.383812  	0.857333	6.71988   	0.857333	1.19711   	0.857333	7.1037    	
0.858000	0.410795  	0.858000	6.65477   	0.858000	1.23525   	0.858000	7.06556   	
0.858667	0.439053  	0.858667	6.60339   	0.858667	1.25836   	0.858667	7.04244   	
0.859333	0.469017  	0.859333	6.5693    	0.859333	1.26249   	0.859333	7.03831   	
0.860000	0.501336  	0.860000	6.55223   	0.860000	1.24724   	0.860000	7.05357   	
0.860667	0.53735   	0.860667	6.54498   	0.860667	1.21848   	0.860667	7.08233   	
0.861333	0.578661  	0.861333	6.53796   	0.861333	1.18418   	0.861333	7.11662   	
0.862000	0.627168  	0.862000	6.52243   	0.862000	1.15121   	0.862000	7.1496    	
0.862667	0.683999  	0.862667	6.49591   	0.862667	1.1209    	0.862667	7.17991   	
0.863333	0.751257  	0.863333	6.45351   	0.863333	1.09604   	0.863333	7.20477   	
0.864000	0.826455  	0.864000	6.38684   	0.864000	1.08751   	0.864000	7.2133    	
0.864667	0.920248  	0.864667	6.27061   	0.864667	1.10995   	0.864667	7.19086   	
0.865333	0.999902  	0.865333	6.10714   	0.865333	1.19377   	0.865333	7.10704   	
0.866000	1.09606   	0.866000	5.87676   	0.866000	1.32799   	0.866000	6.97282   	
0.866667	1.15581   	0.866667	5.60138   	0.866667	1.54362   	0.866667	6.75718   	
0.867333	1.20805   	0.867333	5.2486    	0.867333	1.84416   	0.867333	6.45664   	
0.868000	1.25023   	0.868000	4.83724   	0.868000	2.21334   	0.868000	6.08746   	
0.868667	1.27621   	0.868667	4.37245   	0.868667	2.65215   	0.868667	5.64866   	
0.869333	1.29837   	0.869333	3.83645   	0.869333	3.16598   	0.869333	5.13483   	
0.870000	1.30635   	0.870000	3.28831   	0.870000	3.70615   	0.870000	4.59466   	
0.870667	1.30264   	0.870667	2.75521   	0.870667	4.24296   	0.870667	4.05785   	
0.871333	1.53244   	0.871333	1.2364    	0.871333	5.53197   	0.871333	2.76884   	
0.872000	1.45404   	0.872000	0.808967  	0.872000	6.0378    	0.872000	2.263     	
0.872667	1.36223   	0.872667	0.441453  	0.872667	6.49712   	0.872667	1.80368   	
0.873333	1.20284   	0.873333	0.00356188	0.873333	7.0944    	0.873333	1.2064    	
0.874000	1.02037   	0.874000	0.0105619 	0.874000	7.26987   	0.874000	1.03093   	
0.874667	0.486626  	0.874667	0         	0.874667	7.81418   	0.874667	0.486626  	
0.875333	0.412554  	0.875333	0         	0.875333	7.88825   	0.875333	0.412554  	
0.876000	0.00564658	0.876000	0         	0.876000	8.29516   	0.876000	0.00564658	
0.876667	1.18723e-07	0.876667	0         	0.876667	8.30081   	0.876667	1.18723e-07	
0.877333	4.75273e-11	0.877333	0         	0.877333	8.30081   	0.877333	4.75273e-11	
0.878000	0.0115877 	0.878000	0         	0.878000	8.28922   	0.878000	0.0115877 	
0.878667	0.00540564	0.878667	0         	0.878667	8.2954    	0.878667	0.00540564	
0.879333	0.00195516	0.879333	0         	0.879333	8.29885   	0.879333	0.00195516	
0.880000	0         	0.880000	0         	0.880000	8.30081   	0.880000	0         	
0.880667	0         	0.880667	0         	0.880667	8.30081   	0.880667	0         	
0.881333	0         	0.881333	0         	0.881333	8.30081   	0.881333	0         	
0.882000	0         	0.882000	0         	0.882000	8.30081   	0.882000	0         	
0.882667	0         	0.882667	0         	0.882667	8.30081   	0.882667	0         	
0.883333	0         	0.883333	0         	0.883333	8.30081   	0.883333	0         	
0.884000	0         	0.884000	0         	0.884000	8.30081   	0.884000	0         	
0.884667	0         	0.884667	0         	0.884667	8.30081   	0.884667	0         	
0.885333	0         	0.885333	0         	0.885333	8.30081   	0.885333	0         	
0.886000	0         	0.886000	0         	0.886000	8.30081   	0.886000	0         	
0.886667	0         	0.886667	0         	0.886667	8.30081   	0.886667	0         	
0.887333	0         	0.887333	0         	0.887333	8.30081   	0.887333	0         	
0.888000	0         	0.888000	0         	0.888000	8.30081   	0.888000	0         	
0.888667	0         	0.888667	0         	0.888667	8.30081   	0.888667	0         	
0.889333	0         	0.889333	0         	0.889333	8.30081   	0.889333	0         	
0.890000	0         	0.890000	0         	0.890000	8.30081   	0.890000	0         	
0.890667	0         	0.890667	0         	0.890667	8.30081   	0.890667	0         	
0.891333	0         	0.891333	0         	0.891333	8.30081   	0.891333	0         	
0.892000	0         	0.892000	0         	0.892000	8.30081   	0.892000	0         	
0.892667	0         	0.892667	0         	0.892667	8.30081   	0.892667	0         	
0.893333	0         	0.893333	0         	0.893333	8.30081   	0.893333	0         	
0.894000	0         	0.894000	0         	0.894000	8.30081   	0.894000	0         	
0.894667	0         	0.894667	0         	0.894667	8.30081   	0.894667	0         	
0.895333	0         	0.895333	0         	0.895333	8.30081   	0.895333	0         	
0.896000	0         	0.896000	0         	0.896000	8.30081   	0.896000	0         	
0.896667	0         	0.896667	0         	0.896667	8.30081   	0.896667	0         	
0.897333	0         	0.897333	0         	0.897333	8.30081   	0.897333	0         	
0.898000	0         	0.898000	0         	0.898000	8.30081   	0.898000	0         	
0.898667	0         	0.898667	0         	0.898667	8.30081   	0.898667	0         	
0.899333	0         	0.899333	0         	0.899333	8.30081   	0.899333	0         	
0.900000	0         	0.900000	0         	0.900000	8.30081   	0.900000	0         	
0.900667	0         	0.900667	0         	0.900667	8.30081   	0.900667	0         	
0.901333	0         	0.901333	0         	0.901333	8.30081   	0.901333	0         	
0.902000	0         	0.902000	0         	0.902000	8.30081   	0.902000	0         	
0.902667	0         	0.902667	0         	0.902667	8.30081   	0.902667	0         	
0.903333	0         	0.903333	0         	0.903333	8.30081   	0.903333	0         	
0.904000	0         	0.904000	0         	0.904000	8.30081   	0.904000	0         	
0.904667	0         	0.904667	0         	0.904667	8.30081   	0.904667	0         	
0.905333	0         	0.905333	0         	0.905333	8.30081   	0.905333	0         	
0.906000	0         	0.906000	0         	0.906000	8.30081   	0.906000	0         	
0.906667	0         	0.906667	0         	0.906667	8.30081   	0.906667	0         	
0.907333	0         	0.907333	0         	0.907333	8.30081   	0.907333	0         	
0.908000	0         	0.908000	0         	0.908000	8.30081   	0.908000	0         	
0.908667	0         	0.908667	0         	0.908667	8.30081   	0.908667	0         	
0.909333	0         	0.909333	0         	0.909333	8.30081   	0.909333	0         	
0.910000	0         	0.910000	0         	0.910000	8.30081   	0.910000	0         	
0.910667	0         	0.910667	0         	0.910667	8.30081   	0.910667	0         	
0.911333	0         	0.911333	0         	0.911333	8.30081   	0.911333	0         	
0.912000	0         	0.912000	0         	0.912000	8.30081   	0.912000	0         	
0.912667	0         	0.912667	0         	0.912667	8.30081   	0.912667	0         	
0.913333	0         	0.913333	0         	0.913333	8.30081   	0.913333	0         	
0.914000	0         	0.914000	0         	0.914000	8.30081   	0.914000	0         	
0.914667	0         	0.914667	0         	0.914667	8.30081   	0.914667	0         	
0.915333	0         	0.915333	0         	0.915333	8.30081   	0.915333	0         	
0.916000	0         	0.916000	0         	0.916000	8.30081   	0.916000	0         	
0.916667	0         	0.916667	0         	0.916667	8.30081   	0.916667	0         	
0.917333	0         	0.917333	0         	0.917333	8.30081   	0.917333	0         	
0.918000	0         	0.918000	0         	0.918000	8.30081   	0.918000	0         	
0.918667	0         	0.918667	0         	0.918667	8.30081   	0.918667	0         	
0.919333	0         	0.919333	0         	0.919333	8.30081   	0.919333	0         	
0.920000	0         	0.920000	0         	0.920000	8.30081   	0.920000	0         	
