Thickness of SUS flat deg [mm]1	(B-C) stopped in THIS detector	Thickness of SUS flat deg [mm]2	(C)   yield after THIS detector 	Thickness of SUS flat deg [mm]3	(A-B) stopped before THIS detector	Thickness of SUS flat deg [mm]4	(B)   yield before THIS detector	
0.720000	0         	0.720000	1.44409   	0.720000	0.0473961 	0.720000	1.44409   	
0.720833	0         	0.720833	1.44405   	0.720833	0.0474376 	0.720833	1.44405   	
0.721667	0         	0.721667	1.44401   	0.721667	0.0474789 	0.721667	1.44401   	
0.722500	0         	0.722500	1.44397   	0.722500	0.04752   	0.722500	1.44397   	
0.723333	0         	0.723333	1.44393   	0.723333	0.0475611 	0.723333	1.44393   	
0.724167	0         	0.724167	1.44389   	0.724167	0.0476019 	0.724167	1.44389   	
0.725000	0         	0.725000	1.44385   	0.725000	0.0476426 	0.725000	1.44385   	
0.725833	0         	0.725833	1.44381   	0.725833	0.0476831 	0.725833	1.44381   	
0.726667	0         	0.726667	1.44377   	0.726667	0.0477235 	0.726667	1.44377   	
0.727500	0         	0.727500	1.44373   	0.727500	0.0477637 	0.727500	1.44373   	
0.728333	0         	0.728333	1.44369   	0.728333	0.0478037 	0.728333	1.44369   	
0.729167	0         	0.729167	1.44365   	0.729167	0.0478436 	0.729167	1.44365   	
0.730000	0         	0.730000	1.44361   	0.730000	0.0478832 	0.730000	1.44361   	
0.730833	0         	0.730833	1.44357   	0.730833	0.0479227 	0.730833	1.44357   	
0.731667	0         	0.731667	1.44353   	0.731667	0.047962  	0.731667	1.44353   	
0.732500	0         	0.732500	1.44349   	0.732500	0.048001  	0.732500	1.44349   	
0.733333	0         	0.733333	1.44345   	0.733333	0.0480397 	0.733333	1.44345   	
0.734167	0         	0.734167	1.44341   	0.734167	0.0480782 	0.734167	1.44341   	
0.735000	0         	0.735000	1.44337   	0.735000	0.0481166 	0.735000	1.44337   	
0.735833	0         	0.735833	1.44334   	0.735833	0.0481546 	0.735833	1.44334   	
0.736667	0         	0.736667	1.4433    	0.736667	0.0481925 	0.736667	1.4433    	
0.737500	0         	0.737500	1.44326   	0.737500	0.04823   	0.737500	1.44326   	
0.738333	0         	0.738333	1.44322   	0.738333	0.0482674 	0.738333	1.44322   	
0.739167	0         	0.739167	1.44319   	0.739167	0.0483044 	0.739167	1.44319   	
0.740000	0         	0.740000	1.44315   	0.740000	0.0483412 	0.740000	1.44315   	
0.740833	0         	0.740833	1.44311   	0.740833	0.0483777 	0.740833	1.44311   	
0.741667	0         	0.741667	1.44308   	0.741667	0.0484138 	0.741667	1.44308   	
0.742500	0         	0.742500	1.44304   	0.742500	0.0484496 	0.742500	1.44304   	
0.743333	0         	0.743333	1.44301   	0.743333	0.0484852 	0.743333	1.44301   	
0.744167	0         	0.744167	1.44297   	0.744167	0.0485203 	0.744167	1.44297   	
0.745000	3.57109e-09	0.745000	1.44294   	0.745000	0.0485551 	0.745000	1.44294   	
0.745833	3.9686e-07	0.745833	1.4429    	0.745833	0.0485895 	0.745833	1.4429    	
0.746667	1.01075e-06	0.746667	1.44285   	0.746667	0.0486353 	0.746667	1.44286   	
0.747500	5.2092e-06	0.747500	1.44282   	0.747500	0.0486694 	0.747500	1.44282   	
0.748333	1.50297e-05	0.748333	1.44277   	0.748333	0.0487039 	0.748333	1.44279   	
0.749167	2.89674e-05	0.749167	1.44272   	0.749167	0.0487407 	0.749167	1.44275   	
0.750000	4.99508e-05	0.750000	1.44266   	0.750000	0.0487828 	0.750000	1.44271   	
0.750833	8.45415e-05	0.750833	1.44257   	0.750833	0.0488345 	0.750833	1.44266   	
0.751667	0.000136198	0.751667	1.44245   	0.751667	0.0488998 	0.751667	1.44259   	
0.752500	0.00021025	0.752500	1.44229   	0.752500	0.0489876 	0.752500	1.4425    	
0.753333	0.000314017	0.753333	1.44207   	0.753333	0.0491088 	0.753333	1.44238   	
0.754167	0.000459661	0.754167	1.44175   	0.754167	0.0492785 	0.754167	1.44221   	
0.755000	0.000657735	0.755000	1.44132   	0.755000	0.049516  	0.755000	1.44197   	
0.755833	0.000928824	0.755833	1.44071   	0.755833	0.0498481 	0.755833	1.44164   	
0.756667	0.00129328	0.756667	1.43989   	0.756667	0.0503091 	0.756667	1.44118   	
0.757500	0.0017743 	0.757500	1.43877   	0.757500	0.050943  	0.757500	1.44055   	
0.758333	0.0023996 	0.758333	1.43728   	0.758333	0.0518115 	0.758333	1.43968   	
0.759167	0.00319793	0.759167	1.43532   	0.759167	0.0529754 	0.759167	1.43852   	
0.760000	0.00419925	0.760000	1.43277   	0.760000	0.0545216 	0.760000	1.43697   	
0.760833	0.00543425	0.760833	1.42951   	0.760833	0.0565463 	0.760833	1.43494   	
0.761667	0.00693483	0.761667	1.4254    	0.761667	0.0591598 	0.761667	1.43233   	
0.762500	0.00872655	0.762500	1.42029   	0.762500	0.0624724 	0.762500	1.42902   	
0.763333	0.0108358 	0.763333	1.41404   	0.763333	0.0666107 	0.763333	1.42488   	
0.764167	0.0132778 	0.764167	1.40653   	0.764167	0.0716851 	0.764167	1.41981   	
0.765000	0.0160712 	0.765000	1.3976    	0.765000	0.0778168 	0.765000	1.41367   	
0.765833	0.0192201 	0.765833	1.38716   	0.765833	0.0851126 	0.765833	1.40638   	
0.766667	0.0226941 	0.766667	1.37517   	0.766667	0.0936292 	0.766667	1.39786   	
0.767500	0.0264827 	0.767500	1.36166   	0.767500	0.103351  	0.767500	1.38814   	
0.768333	0.0305835 	0.768333	1.3467    	0.768333	0.114203  	0.768333	1.37729   	
0.769167	0.0349689 	0.769167	1.33038   	0.769167	0.126146  	0.769167	1.36534   	
0.770000	0.0395706 	0.770000	1.31307   	0.770000	0.138852  	0.770000	1.35264   	
0.770833	0.0444069 	0.770833	1.29494   	0.770833	0.152147  	0.770833	1.33934   	
0.771667	0.0494002 	0.771667	1.27676   	0.771667	0.165325  	0.771667	1.32617   	
0.772500	0.0545694 	0.772500	1.25908   	0.772500	0.177836  	0.772500	1.31365   	
0.773333	0.0599221 	0.773333	1.24229   	0.773333	0.189282  	0.773333	1.30221   	
0.774167	0.0655039 	0.774167	1.22705   	0.774167	0.19894   	0.774167	1.29255   	
0.775000	0.071406  	0.775000	1.21377   	0.775000	0.206319  	0.775000	1.28517   	
0.775833	0.0777975 	0.775833	1.20251   	0.775833	0.211187  	0.775833	1.2803    	
0.776667	0.0849061 	0.776667	1.19334   	0.776667	0.213249  	0.776667	1.27824   	
0.777500	0.0929489 	0.777500	1.18598   	0.777500	0.212558  	0.777500	1.27893   	
0.778333	0.102032  	0.778333	1.17979   	0.778333	0.209668  	0.778333	1.28182   	
0.779167	0.112298  	0.779167	1.17353   	0.779167	0.205661  	0.779167	1.28583   	
0.780000	0.125235  	0.780000	1.16374   	0.780000	0.20252   	0.780000	1.28897   	
0.780833	0.137798  	0.780833	1.15122   	0.780833	0.202475  	0.780833	1.28902   	
0.781667	0.151534  	0.781667	1.13179   	0.781667	0.208171  	0.781667	1.28332   	
0.782500	0.166998  	0.782500	1.10515   	0.782500	0.219344  	0.782500	1.27215   	
0.783333	0.18024   	0.783333	1.07286   	0.783333	0.238387  	0.783333	1.2531    	
0.784167	0.194858  	0.784167	1.02678   	0.784167	0.269849  	0.784167	1.22164   	
0.785000	0.209139  	0.785000	0.962092  	0.785000	0.320259  	0.785000	1.17123   	
0.785833	0.218601  	0.785833	0.873026  	0.785833	0.399863  	0.785833	1.09163   	
0.786667	0.225981  	0.786667	0.750158  	0.786667	0.515351  	0.786667	0.97614   	
0.787500	0.228308  	0.787500	0.589116  	0.787500	0.674066  	0.787500	0.817424  	
0.788333	0.219365  	0.788333	0.418991  	0.788333	0.853134  	0.788333	0.638356  	
0.789167	0.203758  	0.789167	0.286611  	0.789167	1.00112   	0.789167	0.490369  	
0.790000	0.182879  	0.790000	0.194343  	0.790000	1.11427   	0.790000	0.377222  	
0.790833	0.147278  	0.790833	0.0280344 	0.790833	1.31618   	0.790833	0.175312  	
0.791667	0.113677  	0.791667	0.0163228 	0.791667	1.36149   	0.791667	0.13      	
0.792500	0.083245  	0.792500	1.03019e-06	0.792500	1.40824   	0.792500	0.0832461 	
0.793333	0.0498673 	0.793333	3.82052e-12	0.793333	1.44162   	0.793333	0.0498673 	
0.794167	0.0390123 	0.794167	0         	0.794167	1.45248   	0.794167	0.0390123 	
0.795000	7.86958e-05	0.795000	0         	0.795000	1.49141   	0.795000	7.86958e-05	
0.795833	1.01829e-09	0.795833	0         	0.795833	1.49149   	0.795833	1.01829e-09	
0.796667	0.00276137	0.796667	0         	0.796667	1.48873   	0.796667	0.00276137	
0.797500	0.0011024 	0.797500	0         	0.797500	1.49039   	0.797500	0.0011024 	
0.798333	0.000387995	0.798333	0         	0.798333	1.4911    	0.798333	0.000387995	
0.799167	0         	0.799167	0         	0.799167	1.49149   	0.799167	0         	
0.800000	0         	0.800000	0         	0.800000	1.49149   	0.800000	0         	
0.800833	0         	0.800833	0         	0.800833	1.49149   	0.800833	0         	
0.801667	0         	0.801667	0         	0.801667	1.49149   	0.801667	0         	
0.802500	0         	0.802500	0         	0.802500	1.49149   	0.802500	0         	
0.803333	0         	0.803333	0         	0.803333	1.49149   	0.803333	0         	
0.804167	0         	0.804167	0         	0.804167	1.49149   	0.804167	0         	
0.805000	0         	0.805000	0         	0.805000	1.49149   	0.805000	0         	
0.805833	0         	0.805833	0         	0.805833	1.49149   	0.805833	0         	
0.806667	0         	0.806667	0         	0.806667	1.49149   	0.806667	0         	
0.807500	0         	0.807500	0         	0.807500	1.49149   	0.807500	0         	
0.808333	0         	0.808333	0         	0.808333	1.49149   	0.808333	0         	
0.809167	0         	0.809167	0         	0.809167	1.49149   	0.809167	0         	
0.810000	0         	0.810000	0         	0.810000	1.49149   	0.810000	0         	
0.810833	0         	0.810833	0         	0.810833	1.49149   	0.810833	0         	
0.811667	0         	0.811667	0         	0.811667	1.49149   	0.811667	0         	
0.812500	0         	0.812500	0         	0.812500	1.49149   	0.812500	0         	
0.813333	0         	0.813333	0         	0.813333	1.49149   	0.813333	0         	
0.814167	0         	0.814167	0         	0.814167	1.49149   	0.814167	0         	
0.815000	0         	0.815000	0         	0.815000	1.49149   	0.815000	0         	
0.815833	0         	0.815833	0         	0.815833	1.49149   	0.815833	0         	
0.816667	0         	0.816667	0         	0.816667	1.49149   	0.816667	0         	
0.817500	0         	0.817500	0         	0.817500	1.49149   	0.817500	0         	
0.818333	0         	0.818333	0         	0.818333	1.49149   	0.818333	0         	
0.819167	0         	0.819167	0         	0.819167	1.49149   	0.819167	0         	
0.820000	0         	0.820000	0         	0.820000	1.49149   	0.820000	0         	
0.820833	0         	0.820833	0         	0.820833	1.49149   	0.820833	0         	
0.821667	0         	0.821667	0         	0.821667	1.49149   	0.821667	0         	
0.822500	0         	0.822500	0         	0.822500	1.49149   	0.822500	0         	
0.823333	0         	0.823333	0         	0.823333	1.49149   	0.823333	0         	
0.824167	0         	0.824167	0         	0.824167	1.49149   	0.824167	0         	
0.825000	0         	0.825000	0         	0.825000	1.49149   	0.825000	0         	
0.825833	0         	0.825833	0         	0.825833	1.49149   	0.825833	0         	
0.826667	0         	0.826667	0         	0.826667	1.49149   	0.826667	0         	
0.827500	0         	0.827500	0         	0.827500	1.49149   	0.827500	0         	
0.828333	0         	0.828333	0         	0.828333	1.49149   	0.828333	0         	
0.829167	0         	0.829167	0         	0.829167	1.49149   	0.829167	0         	
0.830000	0         	0.830000	0         	0.830000	1.49149   	0.830000	0         	
0.830833	0         	0.830833	0         	0.830833	1.49149   	0.830833	0         	
0.831667	0         	0.831667	0         	0.831667	1.49149   	0.831667	0         	
0.832500	0         	0.832500	0         	0.832500	1.49149   	0.832500	0         	
0.833333	0         	0.833333	0         	0.833333	1.49149   	0.833333	0         	
0.834167	0         	0.834167	0         	0.834167	1.49149   	0.834167	0         	
0.835000	0         	0.835000	0         	0.835000	1.49149   	0.835000	0         	
0.835833	0         	0.835833	0         	0.835833	1.49149   	0.835833	0         	
0.836667	0         	0.836667	0         	0.836667	1.49149   	0.836667	0         	
0.837500	0         	0.837500	0         	0.837500	1.49149   	0.837500	0         	
0.838333	0         	0.838333	0         	0.838333	1.49149   	0.838333	0         	
0.839167	0         	0.839167	0         	0.839167	1.49149   	0.839167	0         	
0.840000	0         	0.840000	0         	0.840000	1.49149   	0.840000	0         	
0.840833	0         	0.840833	0         	0.840833	1.49149   	0.840833	0         	
0.841667	0         	0.841667	0         	0.841667	1.49149   	0.841667	0         	
0.842500	0         	0.842500	0         	0.842500	1.49149   	0.842500	0         	
0.843333	0         	0.843333	0         	0.843333	1.49149   	0.843333	0         	
0.844167	0         	0.844167	0         	0.844167	1.49149   	0.844167	0         	
0.845000	0         	0.845000	0         	0.845000	1.49149   	0.845000	0         	
0.845833	0         	0.845833	0         	0.845833	1.49149   	0.845833	0         	
0.846667	0         	0.846667	0         	0.846667	1.49149   	0.846667	0         	
0.847500	0         	0.847500	0         	0.847500	1.49149   	0.847500	0         	
0.848333	0         	0.848333	0         	0.848333	1.49149   	0.848333	0         	
0.849167	0         	0.849167	0         	0.849167	1.49149   	0.849167	0         	
0.850000	0         	0.850000	0         	0.850000	1.49149   	0.850000	0         	
0.850833	0         	0.850833	0         	0.850833	1.49149   	0.850833	0         	
0.851667	0         	0.851667	0         	0.851667	1.49149   	0.851667	0         	
0.852500	0         	0.852500	0         	0.852500	1.49149   	0.852500	0         	
0.853333	0         	0.853333	0         	0.853333	1.49149   	0.853333	0         	
0.854167	0         	0.854167	0         	0.854167	1.49149   	0.854167	0         	
0.855000	0         	0.855000	0         	0.855000	1.49149   	0.855000	0         	
0.855833	0         	0.855833	0         	0.855833	1.49149   	0.855833	0         	
0.856667	0         	0.856667	0         	0.856667	1.49149   	0.856667	0         	
0.857500	0         	0.857500	0         	0.857500	1.49149   	0.857500	0         	
0.858333	0         	0.858333	0         	0.858333	1.49149   	0.858333	0         	
0.859167	0         	0.859167	0         	0.859167	1.49149   	0.859167	0         	
0.860000	0         	0.860000	0         	0.860000	1.49149   	0.860000	0         	
0.860833	0         	0.860833	0         	0.860833	1.49149   	0.860833	0         	
0.861667	0         	0.861667	0         	0.861667	1.49149   	0.861667	0         	
0.862500	0         	0.862500	0         	0.862500	1.49149   	0.862500	0         	
0.863333	0         	0.863333	0         	0.863333	1.49149   	0.863333	0         	
0.864167	0         	0.864167	0         	0.864167	1.49149   	0.864167	0         	
0.865000	0         	0.865000	0         	0.865000	1.49149   	0.865000	0         	
0.865833	0         	0.865833	0         	0.865833	1.49149   	0.865833	0         	
0.866667	0         	0.866667	0         	0.866667	1.49149   	0.866667	0         	
0.867500	0         	0.867500	0         	0.867500	1.49149   	0.867500	0         	
0.868333	0         	0.868333	0         	0.868333	1.49149   	0.868333	0         	
0.869167	0         	0.869167	0         	0.869167	1.49149   	0.869167	0         	
0.870000	0         	0.870000	0         	0.870000	1.49149   	0.870000	0         	
