Thickness of SUS flat deg [mm]1	(B-C) stopped in THIS detector	Thickness of SUS flat deg [mm]2	(C)   yield after THIS detector 	Thickness of SUS flat deg [mm]3	(A-B) stopped before THIS detector	Thickness of SUS flat deg [mm]4	(B)   yield before THIS detector	
0.700000	0         	0.700000	4.18961   	0.700000	0.134261  	0.700000	4.18961   	
0.700556	0         	0.700556	4.18953   	0.700556	0.134339  	0.700556	4.18953   	
0.701111	0         	0.701111	4.18945   	0.701111	0.134417  	0.701111	4.18945   	
0.701667	0         	0.701667	4.18938   	0.701667	0.134494  	0.701667	4.18938   	
0.702222	0         	0.702222	4.1893    	0.702222	0.134572  	0.702222	4.1893    	
0.702778	0         	0.702778	4.18922   	0.702778	0.134649  	0.702778	4.18922   	
0.703333	0         	0.703333	4.18914   	0.703333	0.134726  	0.703333	4.18914   	
0.703889	0         	0.703889	4.18907   	0.703889	0.134802  	0.703889	4.18907   	
0.704444	0         	0.704444	4.18899   	0.704444	0.134878  	0.704444	4.18899   	
0.705000	0         	0.705000	4.18892   	0.705000	0.134954  	0.705000	4.18892   	
0.705556	0         	0.705556	4.18884   	0.705556	0.13503   	0.705556	4.18884   	
0.706111	0         	0.706111	4.18876   	0.706111	0.135106  	0.706111	4.18876   	
0.706667	0         	0.706667	4.18869   	0.706667	0.135181  	0.706667	4.18869   	
0.707222	0         	0.707222	4.18861   	0.707222	0.135256  	0.707222	4.18861   	
0.707778	0         	0.707778	4.18854   	0.707778	0.135331  	0.707778	4.18854   	
0.708333	0         	0.708333	4.18847   	0.708333	0.135405  	0.708333	4.18847   	
0.708889	0         	0.708889	4.18839   	0.708889	0.135479  	0.708889	4.18839   	
0.709444	0         	0.709444	4.18832   	0.709444	0.135553  	0.709444	4.18832   	
0.710000	0         	0.710000	4.18824   	0.710000	0.135626  	0.710000	4.18824   	
0.710556	0         	0.710556	4.18817   	0.710556	0.135699  	0.710556	4.18817   	
0.711111	0         	0.711111	4.1881    	0.711111	0.135772  	0.711111	4.1881    	
0.711667	0         	0.711667	4.18803   	0.711667	0.135844  	0.711667	4.18803   	
0.712222	0         	0.712222	4.18795   	0.712222	0.135916  	0.712222	4.18795   	
0.712778	0         	0.712778	4.18788   	0.712778	0.135988  	0.712778	4.18788   	
0.713333	0         	0.713333	4.18781   	0.713333	0.136059  	0.713333	4.18781   	
0.713889	0         	0.713889	4.18774   	0.713889	0.13613   	0.713889	4.18774   	
0.714444	0         	0.714444	4.18767   	0.714444	0.136201  	0.714444	4.18767   	
0.715000	0         	0.715000	4.1876    	0.715000	0.136271  	0.715000	4.1876    	
0.715556	0         	0.715556	4.18753   	0.715556	0.136341  	0.715556	4.18753   	
0.716111	0         	0.716111	4.18746   	0.716111	0.13641   	0.716111	4.18746   	
0.716667	0         	0.716667	4.18739   	0.716667	0.136479  	0.716667	4.18739   	
0.717222	0         	0.717222	4.18732   	0.717222	0.136547  	0.717222	4.18732   	
0.717778	0         	0.717778	4.18726   	0.717778	0.136615  	0.717778	4.18726   	
0.718333	0         	0.718333	4.18719   	0.718333	0.136683  	0.718333	4.18719   	
0.718889	0         	0.718889	4.18712   	0.718889	0.13675   	0.718889	4.18712   	
0.719444	3.02079e-11	0.719444	4.18705   	0.719444	0.136816  	0.719444	4.18705   	
0.720000	1.13782e-09	0.720000	4.18699   	0.720000	0.136882  	0.720000	4.18699   	
0.720556	4.41665e-07	0.720556	4.18692   	0.720556	0.136947  	0.720556	4.18692   	
0.721111	1.06145e-06	0.721111	4.18682   	0.721111	0.137044  	0.721111	4.18683   	
0.721667	1.63642e-06	0.721667	4.18676   	0.721667	0.137109  	0.721667	4.18676   	
0.722222	4.03193e-06	0.722222	4.18669   	0.722222	0.137174  	0.722222	4.1867    	
0.722778	1.33677e-05	0.722778	4.18662   	0.722778	0.137237  	0.722778	4.18663   	
0.723333	2.51167e-05	0.723333	4.18654   	0.723333	0.137301  	0.723333	4.18657   	
0.723889	3.72361e-05	0.723889	4.18647   	0.723889	0.137367  	0.723889	4.1865    	
0.724444	5.68891e-05	0.724444	4.18638   	0.724444	0.137435  	0.724444	4.18644   	
0.725000	8.58519e-05	0.725000	4.18627   	0.725000	0.13751   	0.725000	4.18636   	
0.725556	0.000124001	0.725556	4.18615   	0.725556	0.137591  	0.725556	4.18628   	
0.726111	0.000176725	0.726111	4.18601   	0.726111	0.137682  	0.726111	4.18619   	
0.726667	0.000249348	0.726667	4.18583   	0.726667	0.137787  	0.726667	4.18608   	
0.727222	0.00034341	0.727222	4.18562   	0.727222	0.137911  	0.727222	4.18596   	
0.727778	0.000467439	0.727778	4.18534   	0.727778	0.138061  	0.727778	4.18581   	
0.728333	0.000637745	0.728333	4.18499   	0.728333	0.138246  	0.728333	4.18562   	
0.728889	0.000848155	0.728889	4.18454   	0.728889	0.138479  	0.728889	4.18539   	
0.729444	0.00111576	0.729444	4.18398   	0.729444	0.138775  	0.729444	4.1851    	
0.730000	0.00145707	0.730000	4.18326   	0.730000	0.139149  	0.730000	4.18472   	
0.730556	0.00188814	0.730556	4.18236   	0.730556	0.139623  	0.730556	4.18425   	
0.731111	0.00242608	0.731111	4.18121   	0.731111	0.140231  	0.731111	4.18364   	
0.731667	0.00308898	0.731667	4.17978   	0.731667	0.140998  	0.731667	4.18287   	
0.732222	0.00389708	0.732222	4.17801   	0.732222	0.141961  	0.732222	4.18191   	
0.732778	0.00487197	0.732778	4.17584   	0.732778	0.143163  	0.732778	4.18071   	
0.733333	0.00604288	0.733333	4.17316   	0.733333	0.144669  	0.733333	4.1792    	
0.733889	0.00744259	0.733889	4.1699    	0.733889	0.146527  	0.733889	4.17734   	
0.734444	0.00910901	0.734444	4.16596   	0.734444	0.148805  	0.734444	4.17507   	
0.735000	0.0110671 	0.735000	4.16123   	0.735000	0.151573  	0.735000	4.1723    	
0.735556	0.0133469 	0.735556	4.1556    	0.735556	0.154924  	0.735556	4.16895   	
0.736111	0.0159808 	0.736111	4.14895   	0.736111	0.158939  	0.736111	4.16493   	
0.736667	0.0190144 	0.736667	4.14112   	0.736667	0.163733  	0.736667	4.16014   	
0.737222	0.0224654 	0.737222	4.13204   	0.737222	0.169365  	0.737222	4.15451   	
0.737778	0.0263807 	0.737778	4.12151   	0.737778	0.17598   	0.737778	4.14789   	
0.738333	0.0307751 	0.738333	4.10943   	0.738333	0.183669  	0.738333	4.1402    	
0.738889	0.0356839 	0.738889	4.09568   	0.738889	0.192506  	0.738889	4.13136   	
0.739444	0.0411232 	0.739444	4.08011   	0.739444	0.202633  	0.739444	4.12124   	
0.740000	0.0471039 	0.740000	4.06268   	0.740000	0.21409   	0.740000	4.10978   	
0.740556	0.0536717 	0.740556	4.04326   	0.740556	0.226941  	0.740556	4.09693   	
0.741111	0.0607914 	0.741111	4.02183   	0.741111	0.241251  	0.741111	4.08262   	
0.741667	0.0684693 	0.741667	3.99839   	0.741667	0.257009  	0.741667	4.06686   	
0.742222	0.0767228 	0.742222	3.97295   	0.742222	0.274203  	0.742222	4.04967   	
0.742778	0.0855318 	0.742778	3.94573   	0.742778	0.292613  	0.742778	4.03126   	
0.743333	0.0948647 	0.743333	3.91668   	0.743333	0.312327  	0.743333	4.01154   	
0.743889	0.104765  	0.743889	3.88598   	0.743889	0.333123  	0.743889	3.99075   	
0.744444	0.115241  	0.744444	3.85382   	0.744444	0.354806  	0.744444	3.96906   	
0.745000	0.126178  	0.745000	3.82061   	0.745000	0.377079  	0.745000	3.94679   	
0.745556	0.137639  	0.745556	3.78671   	0.745556	0.399524  	0.745556	3.92435   	
0.746111	0.149616  	0.746111	3.75251   	0.746111	0.421749  	0.746111	3.90212   	
0.746667	0.162161  	0.746667	3.71817   	0.746667	0.443544  	0.746667	3.88033   	
0.747222	0.175248  	0.747222	3.6842    	0.747222	0.464423  	0.747222	3.85945   	
0.747778	0.188864  	0.747778	3.65122   	0.747778	0.483788  	0.747778	3.84008   	
0.748333	0.203162  	0.748333	3.61924   	0.748333	0.501465  	0.748333	3.82241   	
0.748889	0.218222  	0.748889	3.58835   	0.748889	0.517301  	0.748889	3.80657   	
0.749444	0.23406   	0.749444	3.5586    	0.749444	0.531211  	0.749444	3.79266   	
0.750000	0.250844  	0.750000	3.53001   	0.750000	0.543015  	0.750000	3.78086   	
0.750556	0.268609  	0.750556	3.50229   	0.750556	0.552973  	0.750556	3.7709    	
0.751111	0.287606  	0.751111	3.4752    	0.751111	0.56106   	0.751111	3.76281   	
0.751667	0.308024  	0.751667	3.44791   	0.751667	0.56794   	0.751667	3.75593   	
0.752222	0.329293  	0.752222	3.42077   	0.752222	0.573812  	0.752222	3.75006   	
0.752778	0.351411  	0.752778	3.39372   	0.752778	0.57874   	0.752778	3.74513   	
0.753333	0.37425   	0.753333	3.36643   	0.753333	0.583186  	0.753333	3.74068   	
0.753889	0.398871  	0.753889	3.33735   	0.753889	0.587651  	0.753889	3.73622   	
0.754444	0.425337  	0.754444	3.30583   	0.754444	0.592708  	0.754444	3.73116   	
0.755000	0.452069  	0.755000	3.27274   	0.755000	0.59906   	0.755000	3.72481   	
0.755556	0.478904  	0.755556	3.23673   	0.755556	0.608241  	0.755556	3.71563   	
0.756111	0.506602  	0.756111	3.19527   	0.756111	0.621999  	0.756111	3.70187   	
0.756667	0.536251  	0.756667	3.14295   	0.756667	0.644671  	0.756667	3.6792    	
0.757222	0.567995  	0.757222	3.07857   	0.757222	0.677308  	0.757222	3.64656   	
0.757778	0.604909  	0.757778	2.99256   	0.757778	0.726403  	0.757778	3.59747   	
0.758333	0.64509   	0.758333	2.88131   	0.758333	0.797475  	0.758333	3.5264    	
0.758889	0.679403  	0.758889	2.74044   	0.758889	0.904027  	0.758889	3.41984   	
0.759444	0.702961  	0.759444	2.55123   	0.759444	1.06968   	0.759444	3.2542    	
0.760000	0.723964  	0.760000	2.30499   	0.760000	1.29491   	0.760000	3.02896   	
0.760556	0.740858  	0.760556	1.98483   	0.760556	1.59818   	0.760556	2.72569   	
0.761111	0.719581  	0.761111	1.63438   	0.761111	1.96991   	0.761111	2.35396   	
0.761667	0.678975  	0.761667	1.27607   	0.761667	2.36883   	0.761667	1.95504   	
0.762222	0.634265  	0.762222	0.953317  	0.762222	2.73629   	0.762222	1.58758   	
0.762778	0.585856  	0.762778	0.698405  	0.762778	3.03961   	0.762778	1.28426   	
0.763333	0.536691  	0.763333	0.523915  	0.763333	3.26327   	0.763333	1.06061   	
0.763889	0.495096  	0.763889	0.407682  	0.763889	3.42109   	0.763889	0.902778  	
0.764444	0.457663  	0.764444	0.326597  	0.764444	3.53961   	0.764444	0.784261  	
0.765000	0.4258    	0.765000	0.269976  	0.765000	3.62809   	0.765000	0.695776  	
0.765556	0.237919  	0.765556	0.0452917 	0.765556	4.04066   	0.765556	0.283211  	
0.766111	0.183495  	0.766111	9.65118e-05	0.766111	4.14028   	0.766111	0.183591  	
0.766667	0.147766  	0.766667	2.80165e-07	0.766667	4.1761    	0.766667	0.147766  	
0.767222	0.104018  	0.767222	0         	0.767222	4.21985   	0.767222	0.104018  	
0.767778	0.0579872 	0.767778	0         	0.767778	4.26588   	0.767778	0.0579872 	
0.768333	0.0202016 	0.768333	0         	0.768333	4.30367   	0.768333	0.0202016 	
0.768889	2.16074e-05	0.768889	0         	0.768889	4.32385   	0.768889	2.16074e-05	
0.769444	1.319e-08 	0.769444	0         	0.769444	4.32387   	0.769444	1.319e-08 	
0.770000	3.57013e-11	0.770000	0         	0.770000	4.32387   	0.770000	3.57013e-11	
0.770556	4.06865e-13	0.770556	0         	0.770556	4.32387   	0.770556	4.06865e-13	
0.771111	0.00464953	0.771111	0         	0.771111	4.31922   	0.771111	0.00464953	
0.771667	9.84885e-16	0.771667	0         	0.771667	4.32387   	0.771667	9.84885e-16	
0.772222	7.56616e-17	0.772222	0         	0.772222	4.32387   	0.772222	7.56616e-17	
0.772778	2.05744e-18	0.772778	0         	0.772778	4.32387   	0.772778	2.05744e-18	
0.773333	0         	0.773333	0         	0.773333	4.32387   	0.773333	0         	
0.773889	0         	0.773889	0         	0.773889	4.32387   	0.773889	0         	
0.774444	0         	0.774444	0         	0.774444	4.32387   	0.774444	0         	
0.775000	0         	0.775000	0         	0.775000	4.32387   	0.775000	0         	
0.775556	0         	0.775556	0         	0.775556	4.32387   	0.775556	0         	
0.776111	0         	0.776111	0         	0.776111	4.32387   	0.776111	0         	
0.776667	0         	0.776667	0         	0.776667	4.32387   	0.776667	0         	
0.777222	0         	0.777222	0         	0.777222	4.32387   	0.777222	0         	
0.777778	0         	0.777778	0         	0.777778	4.32387   	0.777778	0         	
0.778333	0         	0.778333	0         	0.778333	4.32387   	0.778333	0         	
0.778889	0         	0.778889	0         	0.778889	4.32387   	0.778889	0         	
0.779444	0         	0.779444	0         	0.779444	4.32387   	0.779444	0         	
0.780000	0         	0.780000	0         	0.780000	4.32387   	0.780000	0         	
0.780556	0         	0.780556	0         	0.780556	4.32387   	0.780556	0         	
0.781111	0         	0.781111	0         	0.781111	4.32387   	0.781111	0         	
0.781667	0         	0.781667	0         	0.781667	4.32387   	0.781667	0         	
0.782222	0         	0.782222	0         	0.782222	4.32387   	0.782222	0         	
0.782778	0         	0.782778	0         	0.782778	4.32387   	0.782778	0         	
0.783333	0         	0.783333	0         	0.783333	4.32387   	0.783333	0         	
0.783889	0         	0.783889	0         	0.783889	4.32387   	0.783889	0         	
0.784444	0         	0.784444	0         	0.784444	4.32387   	0.784444	0         	
0.785000	0         	0.785000	0         	0.785000	4.32387   	0.785000	0         	
0.785556	0         	0.785556	0         	0.785556	4.32387   	0.785556	0         	
0.786111	0         	0.786111	0         	0.786111	4.32387   	0.786111	0         	
0.786667	0         	0.786667	0         	0.786667	4.32387   	0.786667	0         	
0.787222	0         	0.787222	0         	0.787222	4.32387   	0.787222	0         	
0.787778	0         	0.787778	0         	0.787778	4.32387   	0.787778	0         	
0.788333	0         	0.788333	0         	0.788333	4.32387   	0.788333	0         	
0.788889	0         	0.788889	0         	0.788889	4.32387   	0.788889	0         	
0.789444	0         	0.789444	0         	0.789444	4.32387   	0.789444	0         	
0.790000	0         	0.790000	0         	0.790000	4.32387   	0.790000	0         	
0.790556	0         	0.790556	0         	0.790556	4.32387   	0.790556	0         	
0.791111	0         	0.791111	0         	0.791111	4.32387   	0.791111	0         	
0.791667	0         	0.791667	0         	0.791667	4.32387   	0.791667	0         	
0.792222	0         	0.792222	0         	0.792222	4.32387   	0.792222	0         	
0.792778	0         	0.792778	0         	0.792778	4.32387   	0.792778	0         	
0.793333	0         	0.793333	0         	0.793333	4.32387   	0.793333	0         	
0.793889	0         	0.793889	0         	0.793889	4.32387   	0.793889	0         	
0.794444	0         	0.794444	0         	0.794444	4.32387   	0.794444	0         	
0.795000	0         	0.795000	0         	0.795000	4.32387   	0.795000	0         	
0.795556	0         	0.795556	0         	0.795556	4.32387   	0.795556	0         	
0.796111	0         	0.796111	0         	0.796111	4.32387   	0.796111	0         	
0.796667	0         	0.796667	0         	0.796667	4.32387   	0.796667	0         	
0.797222	0         	0.797222	0         	0.797222	4.32387   	0.797222	0         	
0.797778	0         	0.797778	0         	0.797778	4.32387   	0.797778	0         	
0.798333	0         	0.798333	0         	0.798333	4.32387   	0.798333	0         	
0.798889	0         	0.798889	0         	0.798889	4.32387   	0.798889	0         	
0.799444	0         	0.799444	0         	0.799444	4.32387   	0.799444	0         	
0.800000	0         	0.800000	0         	0.800000	4.32387   	0.800000	0         	
