Thickness of SUS flat deg [mm]1	(B-C) stopped in THIS detector	Thickness of SUS flat deg [mm]2	(C)   yield after THIS detector 	Thickness of SUS flat deg [mm]3	(A-B) stopped before THIS detector	Thickness of SUS flat deg [mm]4	(B)   yield before THIS detector	
0.740000	0         	0.740000	120.483   	0.740000	4.05835   	0.740000	120.483   	
0.740556	0         	0.740556	120.481   	0.740556	4.0606    	0.740556	120.481   	
0.741111	0         	0.741111	120.479   	0.741111	4.06284   	0.741111	120.479   	
0.741667	0         	0.741667	120.476   	0.741667	4.06507   	0.741667	120.476   	
0.742222	0         	0.742222	120.474   	0.742222	4.06729   	0.742222	120.474   	
0.742778	0         	0.742778	120.472   	0.742778	4.06951   	0.742778	120.472   	
0.743333	0         	0.743333	120.47    	0.743333	4.07172   	0.743333	120.47    	
0.743889	0         	0.743889	120.467   	0.743889	4.07392   	0.743889	120.467   	
0.744444	0         	0.744444	120.465   	0.744444	4.07612   	0.744444	120.465   	
0.745000	0         	0.745000	120.463   	0.745000	4.07831   	0.745000	120.463   	
0.745556	0         	0.745556	120.461   	0.745556	4.08049   	0.745556	120.461   	
0.746111	0         	0.746111	120.459   	0.746111	4.08267   	0.746111	120.459   	
0.746667	0         	0.746667	120.457   	0.746667	4.08484   	0.746667	120.457   	
0.747222	0         	0.747222	120.454   	0.747222	4.08699   	0.747222	120.454   	
0.747778	0         	0.747778	120.452   	0.747778	4.08914   	0.747778	120.452   	
0.748333	0         	0.748333	120.45    	0.748333	4.09129   	0.748333	120.45    	
0.748889	0         	0.748889	120.448   	0.748889	4.09342   	0.748889	120.448   	
0.749444	0         	0.749444	120.446   	0.749444	4.09554   	0.749444	120.446   	
0.750000	0         	0.750000	120.444   	0.750000	4.09766   	0.750000	120.444   	
0.750556	0         	0.750556	120.442   	0.750556	4.09977   	0.750556	120.442   	
0.751111	0         	0.751111	120.44    	0.751111	4.10186   	0.751111	120.44    	
0.751667	0         	0.751667	120.437   	0.751667	4.10395   	0.751667	120.437   	
0.752222	0         	0.752222	120.435   	0.752222	4.10603   	0.752222	120.435   	
0.752778	0         	0.752778	120.433   	0.752778	4.10809   	0.752778	120.433   	
0.753333	0         	0.753333	120.431   	0.753333	4.11015   	0.753333	120.431   	
0.753889	0         	0.753889	120.429   	0.753889	4.11219   	0.753889	120.429   	
0.754444	0         	0.754444	120.427   	0.754444	4.11423   	0.754444	120.427   	
0.755000	0         	0.755000	120.425   	0.755000	4.11625   	0.755000	120.425   	
0.755556	0         	0.755556	120.423   	0.755556	4.11827   	0.755556	120.423   	
0.756111	0         	0.756111	120.421   	0.756111	4.12026   	0.756111	120.421   	
0.756667	0         	0.756667	120.419   	0.756667	4.12225   	0.756667	120.419   	
0.757222	0         	0.757222	120.417   	0.757222	4.12423   	0.757222	120.417   	
0.757778	0         	0.757778	120.415   	0.757778	4.12619   	0.757778	120.415   	
0.758333	1.02039e-09	0.758333	120.413   	0.758333	4.12814   	0.758333	120.413   	
0.758889	9.90521e-08	0.758889	120.411   	0.758889	4.13007   	0.758889	120.411   	
0.759444	1.61307e-06	0.759444	120.409   	0.759444	4.13199   	0.759444	120.409   	
0.760000	4.00249e-05	0.760000	120.407   	0.760000	4.13456   	0.760000	120.407   	
0.760556	0.000277852	0.760556	120.405   	0.760556	4.13647   	0.760556	120.405   	
0.761111	0.000486339	0.761111	120.403   	0.761111	4.13836   	0.761111	120.403   	
0.761667	0.000877764	0.761667	120.4     	0.761667	4.14026   	0.761667	120.401   	
0.762222	0.00155677	0.762222	120.398   	0.762222	4.14225   	0.762222	120.399   	
0.762778	0.00234701	0.762778	120.395   	0.762778	4.14438   	0.762778	120.397   	
0.763333	0.00339751	0.763333	120.391   	0.763333	4.14666   	0.763333	120.395   	
0.763889	0.00499573	0.763889	120.387   	0.763889	4.14924   	0.763889	120.392   	
0.764444	0.0070907 	0.764444	120.382   	0.764444	4.15224   	0.764444	120.389   	
0.765000	0.00980649	0.765000	120.376   	0.765000	4.15575   	0.765000	120.386   	
0.765556	0.0133274 	0.765556	120.368   	0.765556	4.15999   	0.765556	120.381   	
0.766111	0.0176542 	0.766111	120.358   	0.766111	4.16522   	0.766111	120.376   	
0.766667	0.0229821 	0.766667	120.347   	0.766667	4.17172   	0.766667	120.37    	
0.767222	0.0297068 	0.767222	120.332   	0.767222	4.17985   	0.767222	120.362   	
0.767778	0.0381947 	0.767778	120.313   	0.767778	4.19005   	0.767778	120.351   	
0.768333	0.0486699 	0.768333	120.29    	0.768333	4.20278   	0.768333	120.339   	
0.768889	0.0615657 	0.768889	120.261   	0.768889	4.21867   	0.768889	120.323   	
0.769444	0.0774197 	0.769444	120.225   	0.769444	4.23851   	0.769444	120.303   	
0.770000	0.0967438 	0.770000	120.181   	0.770000	4.26322   	0.770000	120.278   	
0.770556	0.120079  	0.770556	120.127   	0.770556	4.29387   	0.770556	120.247   	
0.771111	0.14803   	0.771111	120.062   	0.771111	4.33171   	0.771111	120.21    	
0.771667	0.181256  	0.771667	119.982   	0.771667	4.37839   	0.771667	120.163   	
0.772222	0.220471  	0.772222	119.886   	0.772222	4.43531   	0.772222	120.106   	
0.772778	0.266434  	0.772778	119.77    	0.772778	4.50447   	0.772778	120.037   	
0.773333	0.319857  	0.773333	119.633   	0.773333	4.58822   	0.773333	119.953   	
0.773889	0.381487  	0.773889	119.471   	0.773889	4.68875   	0.773889	119.853   	
0.774444	0.452208  	0.774444	119.281   	0.774444	4.80846   	0.774444	119.733   	
0.775000	0.532757  	0.775000	119.059   	0.775000	4.94996   	0.775000	119.591   	
0.775556	0.623699  	0.775556	118.801   	0.775556	5.1169    	0.775556	119.424   	
0.776111	0.725641  	0.776111	118.505   	0.776111	5.31084   	0.776111	119.231   	
0.776667	0.839468  	0.776667	118.166   	0.776667	5.53613   	0.776667	119.005   	
0.777222	0.965358  	0.777222	117.781   	0.777222	5.79496   	0.777222	118.746   	
0.777778	1.10416   	0.777778	117.346   	0.777778	6.09127   	0.777778	118.45    	
0.778333	1.25555   	0.778333	116.858   	0.778333	6.42744   	0.778333	118.114   	
0.778889	1.41932   	0.778889	116.316   	0.778889	6.80572   	0.778889	117.736   	
0.779444	1.59543   	0.779444	115.718   	0.779444	7.2283    	0.779444	117.313   	
0.780000	1.78378   	0.780000	115.062   	0.780000	7.69604   	0.780000	116.845   	
0.780556	1.98414   	0.780556	114.348   	0.780556	8.20901   	0.780556	116.332   	
0.781111	2.19605   	0.781111	113.579   	0.781111	8.76591   	0.781111	115.775   	
0.781667	2.42029   	0.781667	112.755   	0.781667	9.36653   	0.781667	115.175   	
0.782222	2.65448   	0.782222	111.876   	0.782222	10.011    	0.782222	114.53    	
0.782778	2.89669   	0.782778	110.956   	0.782778	10.6885   	0.782778	113.853   	
0.783333	3.14765   	0.783333	110.002   	0.783333	11.3912   	0.783333	113.15    	
0.783889	3.40836   	0.783889	109.006   	0.783889	12.1271   	0.783889	112.414   	
0.784444	3.67494   	0.784444	107.997   	0.784444	12.8695   	0.784444	111.672   	
0.785000	3.94683   	0.785000	106.991   	0.785000	13.6038   	0.785000	110.938   	
0.785556	4.22525   	0.785556	105.999   	0.785556	14.3174   	0.785556	110.224   	
0.786111	4.51009   	0.786111	105.028   	0.786111	15.0036   	0.786111	109.538   	
0.786667	4.80137   	0.786667	104.09    	0.786667	15.65     	0.786667	108.891   	
0.787222	5.10029   	0.787222	103.204   	0.787222	16.2371   	0.787222	108.304   	
0.787778	5.40917   	0.787778	102.38    	0.787778	16.7519   	0.787778	107.789   	
0.788333	5.72952   	0.788333	101.631   	0.788333	17.1812   	0.788333	107.36    	
0.788889	6.06591   	0.788889	100.955   	0.788889	17.5204   	0.788889	107.021   	
0.789444	6.42368   	0.789444	100.362   	0.789444	17.756    	0.789444	106.785   	
0.790000	6.80629   	0.790000	99.8566   	0.790000	17.8785   	0.790000	106.663   	
0.790556	7.22131   	0.790556	99.4279   	0.790556	17.8922   	0.790556	106.649   	
0.791111	7.67312   	0.791111	99.0656   	0.791111	17.8026   	0.791111	106.739   	
0.791667	8.16101   	0.791667	98.7524   	0.791667	17.6279   	0.791667	106.913   	
0.792222	8.68525   	0.792222	98.4627   	0.792222	17.3934   	0.792222	107.148   	
0.792778	9.29343   	0.792778	98.114    	0.792778	17.134    	0.792778	107.407   	
0.793333	9.99496   	0.793333	97.6334   	0.793333	16.913    	0.793333	107.628   	
0.793889	10.6315   	0.793889	97.1165   	0.793889	16.7933   	0.793889	107.748   	
0.794444	11.4783   	0.794444	96.2707   	0.794444	16.7924   	0.794444	107.749   	
0.795000	12.1943   	0.795000	95.2883   	0.795000	17.0588   	0.795000	107.483   	
0.795556	13.047    	0.795556	94.0336   	0.795556	17.4607   	0.795556	107.081   	
0.796111	13.9211   	0.796111	92.3914   	0.796111	18.2288   	0.796111	106.313   	
0.796667	14.6947   	0.796667	90.6008   	0.796667	19.2459   	0.796667	105.296   	
0.797222	15.4543   	0.797222	88.423    	0.797222	20.6641   	0.797222	103.877   	
0.797778	16.2572   	0.797778	85.6331   	0.797778	22.6511   	0.797778	101.89    	
0.798333	17.0335   	0.798333	82.0929   	0.798333	25.415    	0.798333	99.1264   	
0.798889	17.7353   	0.798889	77.6589   	0.798889	29.1471   	0.798889	95.3942   	
0.799444	18.33     	0.799444	72.1642   	0.799444	34.0472   	0.799444	90.4942   	
0.800000	18.7904   	0.800000	65.4059   	0.800000	40.345    	0.800000	84.1963   	
0.800556	19.0423   	0.800556	57.3421   	0.800556	48.157    	0.800556	76.3844   	
0.801111	19.0182   	0.801111	48.1834   	0.801111	57.3398   	0.801111	67.2015   	
0.801667	18.6347   	0.801667	38.8831   	0.801667	67.0236   	0.801667	57.5178   	
0.802222	17.9433   	0.802222	30.7179   	0.802222	75.8802   	0.802222	48.6612   	
0.802778	16.9936   	0.802778	23.8752   	0.802778	83.6725   	0.802778	40.8688   	
0.803333	15.892    	0.803333	18.3898   	0.803333	90.2595   	0.803333	34.2819   	
0.803889	14.7377   	0.803889	14.0542   	0.803889	95.7495   	0.803889	28.7919   	
0.804444	12.3958   	0.804444	2.12819   	0.804444	110.017   	0.804444	14.524    	
0.805000	10.8057   	0.805000	0.801709  	0.805000	112.934   	0.805000	11.6074   	
0.805556	8.55569   	0.805556	0.893345  	0.805556	115.092   	0.805556	9.44904   	
0.806111	6.99186   	0.806111	0.000318147	0.806111	117.549   	0.806111	6.99217   	
0.806667	4.86649   	0.806667	1.19692e-07	0.806667	119.675   	0.806667	4.86649   	
0.807222	4.16334   	0.807222	0         	0.807222	120.378   	0.807222	4.16334   	
0.807778	1.27383   	0.807778	0         	0.807778	123.268   	0.807778	1.27383   	
0.808333	2.14553   	0.808333	0         	0.808333	122.396   	0.808333	2.14553   	
0.808889	1.08917   	0.808889	0         	0.808889	123.452   	0.808889	1.08917   	
0.809444	7.28512e-09	0.809444	0         	0.809444	124.541   	0.809444	7.28512e-09	
0.810000	5.07029e-11	0.810000	0         	0.810000	124.541   	0.810000	5.07029e-11	
0.810556	1.32019e-12	0.810556	0         	0.810556	124.541   	0.810556	1.32019e-12	
0.811111	8.22658e-14	0.811111	0         	0.811111	124.541   	0.811111	8.22658e-14	
0.811667	6.53768e-15	0.811667	0         	0.811667	124.541   	0.811667	6.53768e-15	
0.812222	0.0112402 	0.812222	0         	0.812222	124.53    	0.812222	0.0112402 	
0.812778	0         	0.812778	0         	0.812778	124.541   	0.812778	0         	
0.813333	0         	0.813333	0         	0.813333	124.541   	0.813333	0         	
0.813889	0         	0.813889	0         	0.813889	124.541   	0.813889	0         	
0.814444	0         	0.814444	0         	0.814444	124.541   	0.814444	0         	
0.815000	0         	0.815000	0         	0.815000	124.541   	0.815000	0         	
0.815556	0         	0.815556	0         	0.815556	124.541   	0.815556	0         	
0.816111	0         	0.816111	0         	0.816111	124.541   	0.816111	0         	
0.816667	0         	0.816667	0         	0.816667	124.541   	0.816667	0         	
0.817222	0         	0.817222	0         	0.817222	124.541   	0.817222	0         	
0.817778	0         	0.817778	0         	0.817778	124.541   	0.817778	0         	
0.818333	0         	0.818333	0         	0.818333	124.541   	0.818333	0         	
0.818889	0         	0.818889	0         	0.818889	124.541   	0.818889	0         	
0.819444	0         	0.819444	0         	0.819444	124.541   	0.819444	0         	
0.820000	0         	0.820000	0         	0.820000	124.541   	0.820000	0         	
0.820556	0         	0.820556	0         	0.820556	124.541   	0.820556	0         	
0.821111	0         	0.821111	0         	0.821111	124.541   	0.821111	0         	
0.821667	0         	0.821667	0         	0.821667	124.541   	0.821667	0         	
0.822222	0         	0.822222	0         	0.822222	124.541   	0.822222	0         	
0.822778	0         	0.822778	0         	0.822778	124.541   	0.822778	0         	
0.823333	0         	0.823333	0         	0.823333	124.541   	0.823333	0         	
0.823889	0         	0.823889	0         	0.823889	124.541   	0.823889	0         	
0.824444	0         	0.824444	0         	0.824444	124.541   	0.824444	0         	
0.825000	0         	0.825000	0         	0.825000	124.541   	0.825000	0         	
0.825556	0         	0.825556	0         	0.825556	124.541   	0.825556	0         	
0.826111	0         	0.826111	0         	0.826111	124.541   	0.826111	0         	
0.826667	0         	0.826667	0         	0.826667	124.541   	0.826667	0         	
0.827222	0         	0.827222	0         	0.827222	124.541   	0.827222	0         	
0.827778	0         	0.827778	0         	0.827778	124.541   	0.827778	0         	
0.828333	0         	0.828333	0         	0.828333	124.541   	0.828333	0         	
0.828889	0         	0.828889	0         	0.828889	124.541   	0.828889	0         	
0.829444	0         	0.829444	0         	0.829444	124.541   	0.829444	0         	
0.830000	0         	0.830000	0         	0.830000	124.541   	0.830000	0         	
0.830556	0         	0.830556	0         	0.830556	124.541   	0.830556	0         	
0.831111	0         	0.831111	0         	0.831111	124.541   	0.831111	0         	
0.831667	0         	0.831667	0         	0.831667	124.541   	0.831667	0         	
0.832222	0         	0.832222	0         	0.832222	124.541   	0.832222	0         	
0.832778	0         	0.832778	0         	0.832778	124.541   	0.832778	0         	
0.833333	0         	0.833333	0         	0.833333	124.541   	0.833333	0         	
0.833889	0         	0.833889	0         	0.833889	124.541   	0.833889	0         	
0.834444	0         	0.834444	0         	0.834444	124.541   	0.834444	0         	
0.835000	0         	0.835000	0         	0.835000	124.541   	0.835000	0         	
0.835556	0         	0.835556	0         	0.835556	124.541   	0.835556	0         	
0.836111	0         	0.836111	0         	0.836111	124.541   	0.836111	0         	
0.836667	0         	0.836667	0         	0.836667	124.541   	0.836667	0         	
0.837222	0         	0.837222	0         	0.837222	124.541   	0.837222	0         	
0.837778	0         	0.837778	0         	0.837778	124.541   	0.837778	0         	
0.838333	0         	0.838333	0         	0.838333	124.541   	0.838333	0         	
0.838889	0         	0.838889	0         	0.838889	124.541   	0.838889	0         	
0.839444	0         	0.839444	0         	0.839444	124.541   	0.839444	0         	
0.840000	0         	0.840000	0         	0.840000	124.541   	0.840000	0         	
