Thickness of SUS flat deg [mm]1	(B-C) stopped in THIS detector	Thickness of SUS flat deg [mm]2	(C)   yield after THIS detector 	Thickness of SUS flat deg [mm]3	(A-B) stopped before THIS detector	Thickness of SUS flat deg [mm]4	(B)   yield before THIS detector	
0.660000	0         	0.660000	1.91671   	0.660000	0.0587763 	0.660000	1.91671   	
0.660500	0         	0.660500	1.91668   	0.660500	0.058813  	0.660500	1.91668   	
0.661000	0         	0.661000	1.91664   	0.661000	0.0588496 	0.661000	1.91664   	
0.661500	0         	0.661500	1.9166    	0.661500	0.0588863 	0.661500	1.9166    	
0.662000	0         	0.662000	1.91657   	0.662000	0.0589229 	0.662000	1.91657   	
0.662500	0         	0.662500	1.91653   	0.662500	0.0589595 	0.662500	1.91653   	
0.663000	0         	0.663000	1.91649   	0.663000	0.0589961 	0.663000	1.91649   	
0.663500	0         	0.663500	1.91646   	0.663500	0.0590327 	0.663500	1.91646   	
0.664000	0         	0.664000	1.91642   	0.664000	0.0590693 	0.664000	1.91642   	
0.664500	0         	0.664500	1.91638   	0.664500	0.0591058 	0.664500	1.91638   	
0.665000	0         	0.665000	1.91635   	0.665000	0.0591423 	0.665000	1.91635   	
0.665500	0         	0.665500	1.91631   	0.665500	0.0591787 	0.665500	1.91631   	
0.666000	0         	0.666000	1.91627   	0.666000	0.0592152 	0.666000	1.91627   	
0.666500	0         	0.666500	1.91624   	0.666500	0.0592516 	0.666500	1.91624   	
0.667000	0         	0.667000	1.9162    	0.667000	0.059288  	0.667000	1.9162    	
0.667500	0         	0.667500	1.91617   	0.667500	0.0593243 	0.667500	1.91617   	
0.668000	0         	0.668000	1.91613   	0.668000	0.0593607 	0.668000	1.91613   	
0.668500	0         	0.668500	1.91609   	0.668500	0.059397  	0.668500	1.91609   	
0.669000	0         	0.669000	1.91606   	0.669000	0.0594333 	0.669000	1.91606   	
0.669500	0         	0.669500	1.91602   	0.669500	0.0594696 	0.669500	1.91602   	
0.670000	0         	0.670000	1.91598   	0.670000	0.0595058 	0.670000	1.91598   	
0.670500	0         	0.670500	1.91595   	0.670500	0.059542  	0.670500	1.91595   	
0.671000	0         	0.671000	1.91591   	0.671000	0.0595782 	0.671000	1.91591   	
0.671500	0         	0.671500	1.91588   	0.671500	0.0596143 	0.671500	1.91588   	
0.672000	0         	0.672000	1.91584   	0.672000	0.0596504 	0.672000	1.91584   	
0.672500	0         	0.672500	1.9158    	0.672500	0.0596865 	0.672500	1.9158    	
0.673000	0         	0.673000	1.91577   	0.673000	0.0597226 	0.673000	1.91577   	
0.673500	0         	0.673500	1.91573   	0.673500	0.0597586 	0.673500	1.91573   	
0.674000	0         	0.674000	1.9157    	0.674000	0.0597946 	0.674000	1.9157    	
0.674500	0         	0.674500	1.91566   	0.674500	0.0598306 	0.674500	1.91566   	
0.675000	0         	0.675000	1.91562   	0.675000	0.0598666 	0.675000	1.91562   	
0.675500	0         	0.675500	1.91559   	0.675500	0.0599025 	0.675500	1.91559   	
0.676000	0         	0.676000	1.91555   	0.676000	0.0599384 	0.676000	1.91555   	
0.676500	0         	0.676500	1.91552   	0.676500	0.0599743 	0.676500	1.91552   	
0.677000	0         	0.677000	1.91548   	0.677000	0.0600101 	0.677000	1.91548   	
0.677500	0         	0.677500	1.91544   	0.677500	0.0600459 	0.677500	1.91544   	
0.678000	0         	0.678000	1.91541   	0.678000	0.0600816 	0.678000	1.91541   	
0.678500	0         	0.678500	1.91537   	0.678500	0.0601173 	0.678500	1.91537   	
0.679000	0         	0.679000	1.91534   	0.679000	0.0601529 	0.679000	1.91534   	
0.679500	0         	0.679500	1.9153    	0.679500	0.0601885 	0.679500	1.9153    	
0.680000	0         	0.680000	1.91527   	0.680000	0.0602241 	0.680000	1.91527   	
0.680500	0         	0.680500	1.91523   	0.680500	0.0602596 	0.680500	1.91523   	
0.681000	0         	0.681000	1.91519   	0.681000	0.0602951 	0.681000	1.91519   	
0.681500	0         	0.681500	1.91516   	0.681500	0.0603306 	0.681500	1.91516   	
0.682000	0         	0.682000	1.91512   	0.682000	0.0603661 	0.682000	1.91512   	
0.682500	0         	0.682500	1.91509   	0.682500	0.0604015 	0.682500	1.91509   	
0.683000	0         	0.683000	1.91505   	0.683000	0.0604368 	0.683000	1.91505   	
0.683500	0         	0.683500	1.91502   	0.683500	0.0604722 	0.683500	1.91502   	
0.684000	0         	0.684000	1.91498   	0.684000	0.0605075 	0.684000	1.91498   	
0.684500	0         	0.684500	1.91495   	0.684500	0.0605428 	0.684500	1.91495   	
0.685000	0         	0.685000	1.91491   	0.685000	0.060578  	0.685000	1.91491   	
0.685500	0         	0.685500	1.91488   	0.685500	0.0606132 	0.685500	1.91488   	
0.686000	0         	0.686000	1.91484   	0.686000	0.0606483 	0.686000	1.91484   	
0.686500	0         	0.686500	1.91481   	0.686500	0.0606835 	0.686500	1.91481   	
0.687000	0         	0.687000	1.91477   	0.687000	0.0607185 	0.687000	1.91477   	
0.687500	0         	0.687500	1.91474   	0.687500	0.0607536 	0.687500	1.91474   	
0.688000	0         	0.688000	1.9147    	0.688000	0.0607886 	0.688000	1.9147    	
0.688500	0         	0.688500	1.91467   	0.688500	0.0608236 	0.688500	1.91467   	
0.689000	0         	0.689000	1.91463   	0.689000	0.0608585 	0.689000	1.91463   	
0.689500	0         	0.689500	1.9146    	0.689500	0.0608934 	0.689500	1.9146    	
0.690000	0         	0.690000	1.91456   	0.690000	0.0609282 	0.690000	1.91456   	
0.690500	0         	0.690500	1.91453   	0.690500	0.060963  	0.690500	1.91453   	
0.691000	0         	0.691000	1.91449   	0.691000	0.0609978 	0.691000	1.91449   	
0.691500	0         	0.691500	1.91446   	0.691500	0.0610325 	0.691500	1.91446   	
0.692000	0         	0.692000	1.91442   	0.692000	0.0610672 	0.692000	1.91442   	
0.692500	0         	0.692500	1.91439   	0.692500	0.0611019 	0.692500	1.91439   	
0.693000	0         	0.693000	1.91435   	0.693000	0.0611365 	0.693000	1.91435   	
0.693500	0         	0.693500	1.91432   	0.693500	0.061171  	0.693500	1.91432   	
0.694000	0         	0.694000	1.91428   	0.694000	0.0612055 	0.694000	1.91428   	
0.694500	0         	0.694500	1.91425   	0.694500	0.06124   	0.694500	1.91425   	
0.695000	0         	0.695000	1.91422   	0.695000	0.0612744 	0.695000	1.91422   	
0.695500	0         	0.695500	1.91418   	0.695500	0.0613088 	0.695500	1.91418   	
0.696000	0         	0.696000	1.91415   	0.696000	0.0613431 	0.696000	1.91415   	
0.696500	0         	0.696500	1.91411   	0.696500	0.0613774 	0.696500	1.91411   	
0.697000	0         	0.697000	1.91408   	0.697000	0.0614117 	0.697000	1.91408   	
0.697500	0         	0.697500	1.91404   	0.697500	0.0614458 	0.697500	1.91404   	
0.698000	0         	0.698000	1.91401   	0.698000	0.06148   	0.698000	1.91401   	
0.698500	0         	0.698500	1.91398   	0.698500	0.0615141 	0.698500	1.91398   	
0.699000	0         	0.699000	1.91394   	0.699000	0.0615481 	0.699000	1.91394   	
0.699500	0         	0.699500	1.91391   	0.699500	0.0615821 	0.699500	1.91391   	
0.700000	0         	0.700000	1.91387   	0.700000	0.061616  	0.700000	1.91387   	
0.700500	0         	0.700500	1.91384   	0.700500	0.0616498 	0.700500	1.91384   	
0.701000	0         	0.701000	1.91381   	0.701000	0.0616837 	0.701000	1.91381   	
0.701500	0         	0.701500	1.91377   	0.701500	0.0617174 	0.701500	1.91377   	
0.702000	0         	0.702000	1.91374   	0.702000	0.0617511 	0.702000	1.91374   	
0.702500	0         	0.702500	1.9137    	0.702500	0.0617847 	0.702500	1.9137    	
0.703000	0         	0.703000	1.91367   	0.703000	0.0618183 	0.703000	1.91367   	
0.703500	0         	0.703500	1.91364   	0.703500	0.0618519 	0.703500	1.91364   	
0.704000	0         	0.704000	1.9136    	0.704000	0.0618853 	0.704000	1.9136    	
0.704500	0         	0.704500	1.91357   	0.704500	0.0619187 	0.704500	1.91357   	
0.705000	0         	0.705000	1.91354   	0.705000	0.0619521 	0.705000	1.91354   	
0.705500	0         	0.705500	1.9135    	0.705500	0.0619853 	0.705500	1.9135    	
0.706000	0         	0.706000	1.91347   	0.706000	0.0620186 	0.706000	1.91347   	
0.706500	0         	0.706500	1.91344   	0.706500	0.0620517 	0.706500	1.91344   	
0.707000	0         	0.707000	1.9134    	0.707000	0.0620848 	0.707000	1.9134    	
0.707500	0         	0.707500	1.91337   	0.707500	0.0621178 	0.707500	1.91337   	
0.708000	0         	0.708000	1.91334   	0.708000	0.0621508 	0.708000	1.91334   	
0.708500	0         	0.708500	1.91331   	0.708500	0.0621837 	0.708500	1.91331   	
0.709000	0         	0.709000	1.91327   	0.709000	0.0622165 	0.709000	1.91327   	
0.709500	0         	0.709500	1.91324   	0.709500	0.0622493 	0.709500	1.91324   	
0.710000	0         	0.710000	1.91321   	0.710000	0.0622819 	0.710000	1.91321   	
0.710500	0         	0.710500	1.91318   	0.710500	0.0623145 	0.710500	1.91318   	
0.711000	0         	0.711000	1.91314   	0.711000	0.0623471 	0.711000	1.91314   	
0.711500	0         	0.711500	1.91311   	0.711500	0.0623795 	0.711500	1.91311   	
0.712000	0         	0.712000	1.91308   	0.712000	0.0624119 	0.712000	1.91308   	
0.712500	0         	0.712500	1.91305   	0.712500	0.0624442 	0.712500	1.91305   	
0.713000	0         	0.713000	1.91301   	0.713000	0.0624764 	0.713000	1.91301   	
0.713500	0         	0.713500	1.91298   	0.713500	0.0625085 	0.713500	1.91298   	
0.714000	0         	0.714000	1.91295   	0.714000	0.0625405 	0.714000	1.91295   	
0.714500	0         	0.714500	1.91292   	0.714500	0.0625725 	0.714500	1.91292   	
0.715000	0         	0.715000	1.91289   	0.715000	0.0626043 	0.715000	1.91289   	
0.715500	0         	0.715500	1.91285   	0.715500	0.0626361 	0.715500	1.91285   	
0.716000	0         	0.716000	1.91282   	0.716000	0.0626678 	0.716000	1.91282   	
0.716500	0         	0.716500	1.91279   	0.716500	0.0626994 	0.716500	1.91279   	
0.717000	0         	0.717000	1.91276   	0.717000	0.0627309 	0.717000	1.91276   	
0.717500	0         	0.717500	1.91273   	0.717500	0.0627623 	0.717500	1.91273   	
0.718000	0         	0.718000	1.9127    	0.718000	0.0627936 	0.718000	1.9127    	
0.718500	0         	0.718500	1.91266   	0.718500	0.0628248 	0.718500	1.91266   	
0.719000	0         	0.719000	1.91263   	0.719000	0.0628559 	0.719000	1.91263   	
0.719500	0         	0.719500	1.9126    	0.719500	0.062887  	0.719500	1.9126    	
0.720000	0         	0.720000	1.91257   	0.720000	0.0629178 	0.720000	1.91257   	
0.720500	0         	0.720500	1.91254   	0.720500	0.0629486 	0.720500	1.91254   	
0.721000	0         	0.721000	1.91251   	0.721000	0.0629792 	0.721000	1.91251   	
0.721500	0         	0.721500	1.91248   	0.721500	0.0630097 	0.721500	1.91248   	
0.722000	0         	0.722000	1.91245   	0.722000	0.0630401 	0.722000	1.91245   	
0.722500	0         	0.722500	1.91242   	0.722500	0.0630703 	0.722500	1.91242   	
0.723000	0         	0.723000	1.91239   	0.723000	0.0631005 	0.723000	1.91239   	
0.723500	0         	0.723500	1.91236   	0.723500	0.0631305 	0.723500	1.91236   	
0.724000	0         	0.724000	1.91233   	0.724000	0.0631604 	0.724000	1.91233   	
0.724500	0         	0.724500	1.9123    	0.724500	0.0631902 	0.724500	1.9123    	
0.725000	0         	0.725000	1.91227   	0.725000	0.0632198 	0.725000	1.91227   	
0.725500	0         	0.725500	1.91224   	0.725500	0.0632494 	0.725500	1.91224   	
0.726000	0         	0.726000	1.91221   	0.726000	0.0632787 	0.726000	1.91221   	
0.726500	0         	0.726500	1.91218   	0.726500	0.063308  	0.726500	1.91218   	
0.727000	0         	0.727000	1.91215   	0.727000	0.0633371 	0.727000	1.91215   	
0.727500	0         	0.727500	1.91212   	0.727500	0.063366  	0.727500	1.91212   	
0.728000	0         	0.728000	1.91209   	0.728000	0.0633948 	0.728000	1.91209   	
0.728500	0         	0.728500	1.91207   	0.728500	0.0634235 	0.728500	1.91207   	
0.729000	0         	0.729000	1.91204   	0.729000	0.063452  	0.729000	1.91204   	
0.729500	0         	0.729500	1.91201   	0.729500	0.0634803 	0.729500	1.91201   	
0.730000	0         	0.730000	1.91198   	0.730000	0.0635084 	0.730000	1.91198   	
0.730500	0         	0.730500	1.91195   	0.730500	0.0635364 	0.730500	1.91195   	
0.731000	0         	0.731000	1.91193   	0.731000	0.0635642 	0.731000	1.91193   	
0.731500	0         	0.731500	1.9119    	0.731500	0.0635919 	0.731500	1.9119    	
0.732000	1.47524e-10	0.732000	1.91187   	0.732000	0.0636193 	0.732000	1.91187   	
0.732500	2.81165e-09	0.732500	1.91184   	0.732500	0.0636466 	0.732500	1.91184   	
0.733000	2.6029e-08	0.733000	1.91182   	0.733000	0.0636737 	0.733000	1.91182   	
0.733500	3.9179e-07	0.733500	1.91179   	0.733500	0.0637005 	0.733500	1.91179   	
0.734000	5.55714e-07	0.734000	1.91175   	0.734000	0.0637357 	0.734000	1.91175   	
0.734500	1.85776e-06	0.734500	1.91173   	0.734500	0.0637623 	0.734500	1.91173   	
0.735000	3.87361e-06	0.735000	1.9117    	0.735000	0.0637887 	0.735000	1.9117    	
0.735500	7.68693e-06	0.735500	1.91167   	0.735500	0.063815  	0.735500	1.91167   	
0.736000	1.29201e-05	0.736000	1.91164   	0.736000	0.0638415 	0.736000	1.91165   	
0.736500	1.93897e-05	0.736500	1.9116    	0.736500	0.0638684 	0.736500	1.91162   	
0.737000	2.86641e-05	0.737000	1.91157   	0.737000	0.0638959 	0.737000	1.91159   	
0.737500	4.25352e-05	0.737500	1.91152   	0.737500	0.063925  	0.737500	1.91156   	
0.738000	6.10901e-05	0.738000	1.91147   	0.738000	0.0639559 	0.738000	1.91153   	
0.738500	8.57582e-05	0.738500	1.91141   	0.738500	0.0639895 	0.738500	1.9115    	
0.739000	0.00011851	0.739000	1.91134   	0.739000	0.0640268 	0.739000	1.91146   	
0.739500	0.000160039	0.739500	1.91126   	0.739500	0.0640696 	0.739500	1.91142   	
0.740000	0.000212501	0.740000	1.91116   	0.740000	0.0641196 	0.740000	1.91137   	
0.740500	0.000279807	0.740500	1.91103   	0.740500	0.0641791 	0.740500	1.91131   	
0.741000	0.000367024	0.741000	1.91087   	0.741000	0.0642512 	0.741000	1.91124   	
0.741500	0.000477692	0.741500	1.91067   	0.741500	0.0643413 	0.741500	1.91115   	
0.742000	0.000616557	0.742000	1.91042   	0.742000	0.0644489 	0.742000	1.91104   	
0.742500	0.000788694	0.742500	1.91012   	0.742500	0.0645822 	0.742500	1.91091   	
0.743000	0.000999194	0.743000	1.90974   	0.743000	0.0647478 	0.743000	1.91074   	
0.743500	0.00125422	0.743500	1.90928   	0.743500	0.0649592 	0.743500	1.91053   	
0.744000	0.00156453	0.744000	1.90871   	0.744000	0.0652156 	0.744000	1.91027   	
0.744500	0.0019379 	0.744500	1.90802   	0.744500	0.0655326 	0.744500	1.90996   	
0.745000	0.00238537	0.745000	1.90718   	0.745000	0.0659261 	0.745000	1.90956   	
0.745500	0.00291776	0.745500	1.90617   	0.745500	0.0664052 	0.745500	1.90908   	
0.746000	0.00354587	0.746000	1.90495   	0.746000	0.0669966 	0.746000	1.90849   	
0.746500	0.00428439	0.746500	1.9035    	0.746500	0.067708  	0.746500	1.90778   	
0.747000	0.00514626	0.747000	1.90178   	0.747000	0.0685617 	0.747000	1.90693   	
0.747500	0.00614264	0.747500	1.89976   	0.747500	0.0695891 	0.747500	1.9059    	
0.748000	0.00729043	0.748000	1.89738   	0.748000	0.0708157 	0.748000	1.90467   	
0.748500	0.00860867	0.748500	1.89461   	0.748500	0.0722681 	0.748500	1.90322   	
0.749000	0.0101031 	0.749000	1.89142   	0.749000	0.0739706 	0.749000	1.90152   	
0.749500	0.0117988 	0.749500	1.88772   	0.749500	0.0759746 	0.749500	1.89952   	
0.750000	0.013712  	0.750000	1.88349   	0.750000	0.0782902 	0.750000	1.8972    	
0.750500	0.0158419 	0.750500	1.87866   	0.750500	0.0809837 	0.750500	1.89451   	
0.751000	0.0182074 	0.751000	1.87322   	0.751000	0.0840646 	0.751000	1.89143   	
0.751500	0.0208217 	0.751500	1.86709   	0.751500	0.0875753 	0.751500	1.88791   	
0.752000	0.0236952 	0.752000	1.86024   	0.752000	0.0915577 	0.752000	1.88393   	
0.752500	0.0268458 	0.752500	1.85261   	0.752500	0.0960309 	0.752500	1.87946   	
0.753000	0.0302618 	0.753000	1.8442    	0.753000	0.101033  	0.753000	1.87446   	
0.753500	0.0339447 	0.753500	1.83497   	0.753500	0.106573  	0.753500	1.86892   	
0.754000	0.037907  	0.754000	1.82492   	0.754000	0.112665  	0.754000	1.86282   	
0.754500	0.0421711 	0.754500	1.81399   	0.754500	0.119331  	0.754500	1.85616   	
0.755000	0.0466921 	0.755000	1.80228   	0.755000	0.126522  	0.755000	1.84897   	
0.755500	0.0514716 	0.755500	1.78977   	0.755500	0.134253  	0.755500	1.84124   	
0.756000	0.0565377 	0.756000	1.77647   	0.756000	0.142484  	0.756000	1.83301   	
0.756500	0.0618999 	0.756500	1.76237   	0.756500	0.151218  	0.756500	1.82427   	
0.757000	0.0674903 	0.757000	1.74764   	0.757000	0.160362  	0.757000	1.81513   	
0.757500	0.0733256 	0.757500	1.73238   	0.757500	0.169779  	0.757500	1.80571   	
0.758000	0.0794106 	0.758000	1.71669   	0.758000	0.179386  	0.758000	1.7961    	
0.758500	0.0857737 	0.758500	1.70061   	0.758500	0.18911   	0.758500	1.78638   	
0.759000	0.0923975 	0.759000	1.68422   	0.759000	0.198867  	0.759000	1.77662   	
0.759500	0.0992657 	0.759500	1.66781   	0.759500	0.208416  	0.759500	1.76707   	
0.760000	0.106406  	0.760000	1.65149   	0.760000	0.217593  	0.760000	1.7579    	
0.760500	0.113837  	0.760500	1.63537   	0.760500	0.22628   	0.760500	1.74921   	
0.761000	0.121584  	0.761000	1.6195    	0.761000	0.234408  	0.761000	1.74108   	
0.761500	0.129679  	0.761500	1.60393   	0.761500	0.241878  	0.761500	1.73361   	
0.762000	0.138157  	0.762000	1.58868   	0.762000	0.248657  	0.762000	1.72683   	
0.762500	0.147106  	0.762500	1.57372   	0.762500	0.254663  	0.762500	1.72083   	
0.763000	0.156551  	0.763000	1.55891   	0.763000	0.260032  	0.763000	1.71546   	
0.763500	0.166525  	0.763500	1.54422   	0.763500	0.264742  	0.763500	1.71075   	
0.764000	0.176994  	0.764000	1.52948   	0.764000	0.269011  	0.764000	1.70648   	
0.764500	0.187994  	0.764500	1.5147    	0.764500	0.272797  	0.764500	1.70269   	
0.765000	0.199441  	0.765000	1.49983   	0.765000	0.276218  	0.765000	1.69927   	
0.765500	0.211344  	0.765500	1.48473   	0.765500	0.279412  	0.765500	1.69608   	
0.766000	0.223648  	0.766000	1.46947   	0.766000	0.282373  	0.766000	1.69312   	
0.766500	0.236535  	0.766500	1.45337   	0.766500	0.285584  	0.766500	1.68991   	
0.767000	0.2503    	0.767000	1.43612   	0.767000	0.289072  	0.767000	1.68642   	
0.767500	0.262753  	0.767500	1.41909   	0.767500	0.293648  	0.767500	1.68184   	
0.768000	0.277424  	0.768000	1.39844   	0.768000	0.299626  	0.768000	1.67586   	
0.768500	0.29326   	0.768500	1.37385   	0.768500	0.308376  	0.768500	1.66711   	
0.769000	0.307579  	0.769000	1.34688   	0.769000	0.321033  	0.769000	1.65446   	
0.769500	0.322936  	0.769500	1.31462   	0.769500	0.337936  	0.769500	1.63755   	
0.770000	0.33988   	0.770000	1.27412   	0.770000	0.361488  	0.770000	1.614     	
0.770500	0.354844  	0.770500	1.22479   	0.770500	0.39586   	0.770500	1.57963   	
0.771000	0.368799  	0.771000	1.16302   	0.771000	0.443669  	0.771000	1.53182   	
0.771500	0.383469  	0.771500	1.08187   	0.771500	0.510146  	0.771500	1.46534   	
0.772000	0.385817  	0.772000	0.98809   	0.772000	0.601583  	0.772000	1.37391   	
0.772500	0.389834  	0.772500	0.872026  	0.772500	0.713629  	0.772500	1.26186   	
0.773000	0.382259  	0.773000	0.741313  	0.773000	0.851917  	0.773000	1.12357   	
0.773500	0.36783   	0.773500	0.60571   	0.773500	1.00195   	0.773500	0.97354   	
0.774000	0.349865  	0.774000	0.473828  	0.774000	1.1518    	0.774000	0.823693  	
0.774500	0.32512   	0.774500	0.362155  	0.774500	1.28821   	0.774500	0.687275  	
0.775000	0.302569  	0.775000	0.278276  	0.775000	1.39465   	0.775000	0.580844  	
0.775500	0.282666  	0.775500	0.21916   	0.775500	1.47366   	0.775500	0.501826  	
0.776000	0.264314  	0.776000	0.175191  	0.776000	1.53599   	0.776000	0.439505  	
0.776500	0.247723  	0.776500	0.143285  	0.776500	1.58448   	0.776500	0.391008  	
0.777000	0.158321  	0.777000	0.025934  	0.777000	1.79123   	0.777000	0.184255  	
0.777500	0.144459  	0.777500	0.000470458	0.777500	1.83056   	0.777500	0.144929  	
0.778000	0.1185    	0.778000	0.00646363	0.778000	1.85053   	0.778000	0.124963  	
0.778500	0.103647  	0.778500	0.00153218	0.778500	1.87031   	0.778500	0.10518   	
0.779000	0.0807959 	0.779000	0         	0.779000	1.89469   	0.779000	0.0807959 	
0.779500	0.0451832 	0.779500	0         	0.779500	1.93031   	0.779500	0.0451832 	
0.780000	0.0215912 	0.780000	0         	0.780000	1.9539    	0.780000	0.0215912 	
0.780500	0.00449785	0.780500	0         	0.780500	1.97099   	0.780500	0.00449785	
0.781000	0.023268  	0.781000	0         	0.781000	1.95222   	0.781000	0.023268  	
0.781500	1.89184e-09	0.781500	0         	0.781500	1.97549   	0.781500	1.89184e-09	
0.782000	0.00683443	0.782000	0         	0.782000	1.96866   	0.782000	0.00683443	
0.782500	0.00366979	0.782500	0         	0.782500	1.97182   	0.782500	0.00366979	
0.783000	0.00206126	0.783000	0         	0.783000	1.97343   	0.783000	0.00206126	
0.783500	0.00106666	0.783500	0         	0.783500	1.97442   	0.783500	0.00106666	
0.784000	0.000412483	0.784000	0         	0.784000	1.97508   	0.784000	0.000412483	
0.784500	0         	0.784500	0         	0.784500	1.97549   	0.784500	0         	
0.785000	0         	0.785000	0         	0.785000	1.97549   	0.785000	0         	
0.785500	0         	0.785500	0         	0.785500	1.97549   	0.785500	0         	
0.786000	0         	0.786000	0         	0.786000	1.97549   	0.786000	0         	
0.786500	0         	0.786500	0         	0.786500	1.97549   	0.786500	0         	
0.787000	0         	0.787000	0         	0.787000	1.97549   	0.787000	0         	
0.787500	0         	0.787500	0         	0.787500	1.97549   	0.787500	0         	
0.788000	0         	0.788000	0         	0.788000	1.97549   	0.788000	0         	
0.788500	0         	0.788500	0         	0.788500	1.97549   	0.788500	0         	
0.789000	0         	0.789000	0         	0.789000	1.97549   	0.789000	0         	
0.789500	0         	0.789500	0         	0.789500	1.97549   	0.789500	0         	
0.790000	0         	0.790000	0         	0.790000	1.97549   	0.790000	0         	
0.790500	0         	0.790500	0         	0.790500	1.97549   	0.790500	0         	
0.791000	0         	0.791000	0         	0.791000	1.97549   	0.791000	0         	
0.791500	0         	0.791500	0         	0.791500	1.97549   	0.791500	0         	
0.792000	0         	0.792000	0         	0.792000	1.97549   	0.792000	0         	
0.792500	0         	0.792500	0         	0.792500	1.97549   	0.792500	0         	
0.793000	0         	0.793000	0         	0.793000	1.97549   	0.793000	0         	
0.793500	0         	0.793500	0         	0.793500	1.97549   	0.793500	0         	
0.794000	0         	0.794000	0         	0.794000	1.97549   	0.794000	0         	
0.794500	0         	0.794500	0         	0.794500	1.97549   	0.794500	0         	
0.795000	0         	0.795000	0         	0.795000	1.97549   	0.795000	0         	
0.795500	0         	0.795500	0         	0.795500	1.97549   	0.795500	0         	
0.796000	0         	0.796000	0         	0.796000	1.97549   	0.796000	0         	
0.796500	0         	0.796500	0         	0.796500	1.97549   	0.796500	0         	
0.797000	0         	0.797000	0         	0.797000	1.97549   	0.797000	0         	
0.797500	0         	0.797500	0         	0.797500	1.97549   	0.797500	0         	
0.798000	0         	0.798000	0         	0.798000	1.97549   	0.798000	0         	
0.798500	0         	0.798500	0         	0.798500	1.97549   	0.798500	0         	
0.799000	0         	0.799000	0         	0.799000	1.97549   	0.799000	0         	
0.799500	0         	0.799500	0         	0.799500	1.97549   	0.799500	0         	
0.800000	0         	0.800000	0         	0.800000	1.97549   	0.800000	0         	
0.800500	0         	0.800500	0         	0.800500	1.97549   	0.800500	0         	
0.801000	0         	0.801000	0         	0.801000	1.97549   	0.801000	0         	
0.801500	0         	0.801500	0         	0.801500	1.97549   	0.801500	0         	
0.802000	0         	0.802000	0         	0.802000	1.97549   	0.802000	0         	
0.802500	0         	0.802500	0         	0.802500	1.97549   	0.802500	0         	
0.803000	0         	0.803000	0         	0.803000	1.97549   	0.803000	0         	
0.803500	0         	0.803500	0         	0.803500	1.97549   	0.803500	0         	
0.804000	0         	0.804000	0         	0.804000	1.97549   	0.804000	0         	
0.804500	0         	0.804500	0         	0.804500	1.97549   	0.804500	0         	
0.805000	0         	0.805000	0         	0.805000	1.97549   	0.805000	0         	
0.805500	0         	0.805500	0         	0.805500	1.97549   	0.805500	0         	
0.806000	0         	0.806000	0         	0.806000	1.97549   	0.806000	0         	
0.806500	0         	0.806500	0         	0.806500	1.97549   	0.806500	0         	
0.807000	0         	0.807000	0         	0.807000	1.97549   	0.807000	0         	
0.807500	0         	0.807500	0         	0.807500	1.97549   	0.807500	0         	
0.808000	0         	0.808000	0         	0.808000	1.97549   	0.808000	0         	
0.808500	0         	0.808500	0         	0.808500	1.97549   	0.808500	0         	
0.809000	0         	0.809000	0         	0.809000	1.97549   	0.809000	0         	
0.809500	0         	0.809500	0         	0.809500	1.97549   	0.809500	0         	
0.810000	0         	0.810000	0         	0.810000	1.97549   	0.810000	0         	
0.810500	0         	0.810500	0         	0.810500	1.97549   	0.810500	0         	
0.811000	0         	0.811000	0         	0.811000	1.97549   	0.811000	0         	
0.811500	0         	0.811500	0         	0.811500	1.97549   	0.811500	0         	
0.812000	0         	0.812000	0         	0.812000	1.97549   	0.812000	0         	
0.812500	0         	0.812500	0         	0.812500	1.97549   	0.812500	0         	
0.813000	0         	0.813000	0         	0.813000	1.97549   	0.813000	0         	
0.813500	0         	0.813500	0         	0.813500	1.97549   	0.813500	0         	
0.814000	0         	0.814000	0         	0.814000	1.97549   	0.814000	0         	
0.814500	0         	0.814500	0         	0.814500	1.97549   	0.814500	0         	
0.815000	0         	0.815000	0         	0.815000	1.97549   	0.815000	0         	
0.815500	0         	0.815500	0         	0.815500	1.97549   	0.815500	0         	
0.816000	0         	0.816000	0         	0.816000	1.97549   	0.816000	0         	
0.816500	0         	0.816500	0         	0.816500	1.97549   	0.816500	0         	
0.817000	0         	0.817000	0         	0.817000	1.97549   	0.817000	0         	
0.817500	0         	0.817500	0         	0.817500	1.97549   	0.817500	0         	
0.818000	0         	0.818000	0         	0.818000	1.97549   	0.818000	0         	
0.818500	0         	0.818500	0         	0.818500	1.97549   	0.818500	0         	
0.819000	0         	0.819000	0         	0.819000	1.97549   	0.819000	0         	
0.819500	0         	0.819500	0         	0.819500	1.97549   	0.819500	0         	
0.820000	0         	0.820000	0         	0.820000	1.97549   	0.820000	0         	
0.820500	0         	0.820500	0         	0.820500	1.97549   	0.820500	0         	
0.821000	0         	0.821000	0         	0.821000	1.97549   	0.821000	0         	
0.821500	0         	0.821500	0         	0.821500	1.97549   	0.821500	0         	
0.822000	0         	0.822000	0         	0.822000	1.97549   	0.822000	0         	
0.822500	0         	0.822500	0         	0.822500	1.97549   	0.822500	0         	
0.823000	0         	0.823000	0         	0.823000	1.97549   	0.823000	0         	
0.823500	0         	0.823500	0         	0.823500	1.97549   	0.823500	0         	
0.824000	0         	0.824000	0         	0.824000	1.97549   	0.824000	0         	
0.824500	0         	0.824500	0         	0.824500	1.97549   	0.824500	0         	
0.825000	0         	0.825000	0         	0.825000	1.97549   	0.825000	0         	
0.825500	0         	0.825500	0         	0.825500	1.97549   	0.825500	0         	
0.826000	0         	0.826000	0         	0.826000	1.97549   	0.826000	0         	
0.826500	0         	0.826500	0         	0.826500	1.97549   	0.826500	0         	
0.827000	0         	0.827000	0         	0.827000	1.97549   	0.827000	0         	
0.827500	0         	0.827500	0         	0.827500	1.97549   	0.827500	0         	
0.828000	0         	0.828000	0         	0.828000	1.97549   	0.828000	0         	
0.828500	0         	0.828500	0         	0.828500	1.97549   	0.828500	0         	
0.829000	0         	0.829000	0         	0.829000	1.97549   	0.829000	0         	
0.829500	0         	0.829500	0         	0.829500	1.97549   	0.829500	0         	
0.830000	0         	0.830000	0         	0.830000	1.97549   	0.830000	0         	
0.830500	0         	0.830500	0         	0.830500	1.97549   	0.830500	0         	
0.831000	0         	0.831000	0         	0.831000	1.97549   	0.831000	0         	
0.831500	0         	0.831500	0         	0.831500	1.97549   	0.831500	0         	
0.832000	0         	0.832000	0         	0.832000	1.97549   	0.832000	0         	
0.832500	0         	0.832500	0         	0.832500	1.97549   	0.832500	0         	
0.833000	0         	0.833000	0         	0.833000	1.97549   	0.833000	0         	
0.833500	0         	0.833500	0         	0.833500	1.97549   	0.833500	0         	
0.834000	0         	0.834000	0         	0.834000	1.97549   	0.834000	0         	
0.834500	0         	0.834500	0         	0.834500	1.97549   	0.834500	0         	
0.835000	0         	0.835000	0         	0.835000	1.97549   	0.835000	0         	
0.835500	0         	0.835500	0         	0.835500	1.97549   	0.835500	0         	
0.836000	0         	0.836000	0         	0.836000	1.97549   	0.836000	0         	
0.836500	0         	0.836500	0         	0.836500	1.97549   	0.836500	0         	
0.837000	0         	0.837000	0         	0.837000	1.97549   	0.837000	0         	
0.837500	0         	0.837500	0         	0.837500	1.97549   	0.837500	0         	
0.838000	0         	0.838000	0         	0.838000	1.97549   	0.838000	0         	
0.838500	0         	0.838500	0         	0.838500	1.97549   	0.838500	0         	
0.839000	0         	0.839000	0         	0.839000	1.97549   	0.839000	0         	
0.839500	0         	0.839500	0         	0.839500	1.97549   	0.839500	0         	
0.840000	0         	0.840000	0         	0.840000	1.97549   	0.840000	0         	
0.840500	0         	0.840500	0         	0.840500	1.97549   	0.840500	0         	
0.841000	0         	0.841000	0         	0.841000	1.97549   	0.841000	0         	
0.841500	0         	0.841500	0         	0.841500	1.97549   	0.841500	0         	
0.842000	0         	0.842000	0         	0.842000	1.97549   	0.842000	0         	
0.842500	0         	0.842500	0         	0.842500	1.97549   	0.842500	0         	
0.843000	0         	0.843000	0         	0.843000	1.97549   	0.843000	0         	
0.843500	0         	0.843500	0         	0.843500	1.97549   	0.843500	0         	
0.844000	0         	0.844000	0         	0.844000	1.97549   	0.844000	0         	
0.844500	0         	0.844500	0         	0.844500	1.97549   	0.844500	0         	
0.845000	0         	0.845000	0         	0.845000	1.97549   	0.845000	0         	
0.845500	0         	0.845500	0         	0.845500	1.97549   	0.845500	0         	
0.846000	0         	0.846000	0         	0.846000	1.97549   	0.846000	0         	
0.846500	0         	0.846500	0         	0.846500	1.97549   	0.846500	0         	
0.847000	0         	0.847000	0         	0.847000	1.97549   	0.847000	0         	
0.847500	0         	0.847500	0         	0.847500	1.97549   	0.847500	0         	
0.848000	0         	0.848000	0         	0.848000	1.97549   	0.848000	0         	
0.848500	0         	0.848500	0         	0.848500	1.97549   	0.848500	0         	
0.849000	0         	0.849000	0         	0.849000	1.97549   	0.849000	0         	
0.849500	0         	0.849500	0         	0.849500	1.97549   	0.849500	0         	
0.850000	0         	0.850000	0         	0.850000	1.97549   	0.850000	0         	
0.850500	0         	0.850500	0         	0.850500	1.97549   	0.850500	0         	
0.851000	0         	0.851000	0         	0.851000	1.97549   	0.851000	0         	
0.851500	0         	0.851500	0         	0.851500	1.97549   	0.851500	0         	
0.852000	0         	0.852000	0         	0.852000	1.97549   	0.852000	0         	
0.852500	0         	0.852500	0         	0.852500	1.97549   	0.852500	0         	
0.853000	0         	0.853000	0         	0.853000	1.97549   	0.853000	0         	
0.853500	0         	0.853500	0         	0.853500	1.97549   	0.853500	0         	
0.854000	0         	0.854000	0         	0.854000	1.97549   	0.854000	0         	
0.854500	0         	0.854500	0         	0.854500	1.97549   	0.854500	0         	
0.855000	0         	0.855000	0         	0.855000	1.97549   	0.855000	0         	
0.855500	0         	0.855500	0         	0.855500	1.97549   	0.855500	0         	
0.856000	0         	0.856000	0         	0.856000	1.97549   	0.856000	0         	
0.856500	0         	0.856500	0         	0.856500	1.97549   	0.856500	0         	
0.857000	0         	0.857000	0         	0.857000	1.97549   	0.857000	0         	
0.857500	0         	0.857500	0         	0.857500	1.97549   	0.857500	0         	
0.858000	0         	0.858000	0         	0.858000	1.97549   	0.858000	0         	
0.858500	0         	0.858500	0         	0.858500	1.97549   	0.858500	0         	
0.859000	0         	0.859000	0         	0.859000	1.97549   	0.859000	0         	
0.859500	0         	0.859500	0         	0.859500	1.97549   	0.859500	0         	
0.860000	0         	0.860000	0         	0.860000	1.97549   	0.860000	0         	
0.860500	0         	0.860500	0         	0.860500	1.97549   	0.860500	0         	
0.861000	0         	0.861000	0         	0.861000	1.97549   	0.861000	0         	
0.861500	0         	0.861500	0         	0.861500	1.97549   	0.861500	0         	
0.862000	0         	0.862000	0         	0.862000	1.97549   	0.862000	0         	
0.862500	0         	0.862500	0         	0.862500	1.97549   	0.862500	0         	
0.863000	0         	0.863000	0         	0.863000	1.97549   	0.863000	0         	
0.863500	0         	0.863500	0         	0.863500	1.97549   	0.863500	0         	
0.864000	0         	0.864000	0         	0.864000	1.97549   	0.864000	0         	
0.864500	0         	0.864500	0         	0.864500	1.97549   	0.864500	0         	
0.865000	0         	0.865000	0         	0.865000	1.97549   	0.865000	0         	
0.865500	0         	0.865500	0         	0.865500	1.97549   	0.865500	0         	
0.866000	0         	0.866000	0         	0.866000	1.97549   	0.866000	0         	
0.866500	0         	0.866500	0         	0.866500	1.97549   	0.866500	0         	
0.867000	0         	0.867000	0         	0.867000	1.97549   	0.867000	0         	
0.867500	0         	0.867500	0         	0.867500	1.97549   	0.867500	0         	
0.868000	0         	0.868000	0         	0.868000	1.97549   	0.868000	0         	
0.868500	0         	0.868500	0         	0.868500	1.97549   	0.868500	0         	
0.869000	0         	0.869000	0         	0.869000	1.97549   	0.869000	0         	
0.869500	0         	0.869500	0         	0.869500	1.97549   	0.869500	0         	
0.870000	0         	0.870000	0         	0.870000	1.97549   	0.870000	0         	
0.870500	0         	0.870500	0         	0.870500	1.97549   	0.870500	0         	
0.871000	0         	0.871000	0         	0.871000	1.97549   	0.871000	0         	
0.871500	0         	0.871500	0         	0.871500	1.97549   	0.871500	0         	
0.872000	0         	0.872000	0         	0.872000	1.97549   	0.872000	0         	
0.872500	0         	0.872500	0         	0.872500	1.97549   	0.872500	0         	
0.873000	0         	0.873000	0         	0.873000	1.97549   	0.873000	0         	
0.873500	0         	0.873500	0         	0.873500	1.97549   	0.873500	0         	
0.874000	0         	0.874000	0         	0.874000	1.97549   	0.874000	0         	
0.874500	0         	0.874500	0         	0.874500	1.97549   	0.874500	0         	
0.875000	0         	0.875000	0         	0.875000	1.97549   	0.875000	0         	
0.875500	0         	0.875500	0         	0.875500	1.97549   	0.875500	0         	
0.876000	0         	0.876000	0         	0.876000	1.97549   	0.876000	0         	
0.876500	0         	0.876500	0         	0.876500	1.97549   	0.876500	0         	
0.877000	0         	0.877000	0         	0.877000	1.97549   	0.877000	0         	
0.877500	0         	0.877500	0         	0.877500	1.97549   	0.877500	0         	
0.878000	0         	0.878000	0         	0.878000	1.97549   	0.878000	0         	
0.878500	0         	0.878500	0         	0.878500	1.97549   	0.878500	0         	
0.879000	0         	0.879000	0         	0.879000	1.97549   	0.879000	0         	
0.879500	0         	0.879500	0         	0.879500	1.97549   	0.879500	0         	
0.880000	0         	0.880000	0         	0.880000	1.97549   	0.880000	0         	
0.880500	0         	0.880500	0         	0.880500	1.97549   	0.880500	0         	
0.881000	0         	0.881000	0         	0.881000	1.97549   	0.881000	0         	
0.881500	0         	0.881500	0         	0.881500	1.97549   	0.881500	0         	
0.882000	0         	0.882000	0         	0.882000	1.97549   	0.882000	0         	
0.882500	0         	0.882500	0         	0.882500	1.97549   	0.882500	0         	
0.883000	0         	0.883000	0         	0.883000	1.97549   	0.883000	0         	
0.883500	0         	0.883500	0         	0.883500	1.97549   	0.883500	0         	
0.884000	0         	0.884000	0         	0.884000	1.97549   	0.884000	0         	
0.884500	0         	0.884500	0         	0.884500	1.97549   	0.884500	0         	
0.885000	0         	0.885000	0         	0.885000	1.97549   	0.885000	0         	
0.885500	0         	0.885500	0         	0.885500	1.97549   	0.885500	0         	
0.886000	0         	0.886000	0         	0.886000	1.97549   	0.886000	0         	
0.886500	0         	0.886500	0         	0.886500	1.97549   	0.886500	0         	
0.887000	0         	0.887000	0         	0.887000	1.97549   	0.887000	0         	
0.887500	0         	0.887500	0         	0.887500	1.97549   	0.887500	0         	
0.888000	0         	0.888000	0         	0.888000	1.97549   	0.888000	0         	
0.888500	0         	0.888500	0         	0.888500	1.97549   	0.888500	0         	
0.889000	0         	0.889000	0         	0.889000	1.97549   	0.889000	0         	
0.889500	0         	0.889500	0         	0.889500	1.97549   	0.889500	0         	
0.890000	0         	0.890000	0         	0.890000	1.97549   	0.890000	0         	
0.890500	0         	0.890500	0         	0.890500	1.97549   	0.890500	0         	
0.891000	0         	0.891000	0         	0.891000	1.97549   	0.891000	0         	
0.891500	0         	0.891500	0         	0.891500	1.97549   	0.891500	0         	
0.892000	0         	0.892000	0         	0.892000	1.97549   	0.892000	0         	
0.892500	0         	0.892500	0         	0.892500	1.97549   	0.892500	0         	
0.893000	0         	0.893000	0         	0.893000	1.97549   	0.893000	0         	
0.893500	0         	0.893500	0         	0.893500	1.97549   	0.893500	0         	
0.894000	0         	0.894000	0         	0.894000	1.97549   	0.894000	0         	
0.894500	0         	0.894500	0         	0.894500	1.97549   	0.894500	0         	
0.895000	0         	0.895000	0         	0.895000	1.97549   	0.895000	0         	
0.895500	0         	0.895500	0         	0.895500	1.97549   	0.895500	0         	
0.896000	0         	0.896000	0         	0.896000	1.97549   	0.896000	0         	
0.896500	0         	0.896500	0         	0.896500	1.97549   	0.896500	0         	
0.897000	0         	0.897000	0         	0.897000	1.97549   	0.897000	0         	
0.897500	0         	0.897500	0         	0.897500	1.97549   	0.897500	0         	
0.898000	0         	0.898000	0         	0.898000	1.97549   	0.898000	0         	
0.898500	0         	0.898500	0         	0.898500	1.97549   	0.898500	0         	
0.899000	0         	0.899000	0         	0.899000	1.97549   	0.899000	0         	
0.899500	0         	0.899500	0         	0.899500	1.97549   	0.899500	0         	
0.900000	0         	0.900000	0         	0.900000	1.97549   	0.900000	0         	
0.900500	0         	0.900500	0         	0.900500	1.97549   	0.900500	0         	
0.901000	0         	0.901000	0         	0.901000	1.97549   	0.901000	0         	
0.901500	0         	0.901500	0         	0.901500	1.97549   	0.901500	0         	
0.902000	0         	0.902000	0         	0.902000	1.97549   	0.902000	0         	
0.902500	0         	0.902500	0         	0.902500	1.97549   	0.902500	0         	
0.903000	0         	0.903000	0         	0.903000	1.97549   	0.903000	0         	
0.903500	0         	0.903500	0         	0.903500	1.97549   	0.903500	0         	
0.904000	0         	0.904000	0         	0.904000	1.97549   	0.904000	0         	
0.904500	0         	0.904500	0         	0.904500	1.97549   	0.904500	0         	
0.905000	0         	0.905000	0         	0.905000	1.97549   	0.905000	0         	
0.905500	0         	0.905500	0         	0.905500	1.97549   	0.905500	0         	
0.906000	0         	0.906000	0         	0.906000	1.97549   	0.906000	0         	
0.906500	0         	0.906500	0         	0.906500	1.97549   	0.906500	0         	
0.907000	0         	0.907000	0         	0.907000	1.97549   	0.907000	0         	
0.907500	0         	0.907500	0         	0.907500	1.97549   	0.907500	0         	
0.908000	0         	0.908000	0         	0.908000	1.97549   	0.908000	0         	
0.908500	0         	0.908500	0         	0.908500	1.97549   	0.908500	0         	
0.909000	0         	0.909000	0         	0.909000	1.97549   	0.909000	0         	
0.909500	0         	0.909500	0         	0.909500	1.97549   	0.909500	0         	
0.910000	0         	0.910000	0         	0.910000	1.97549   	0.910000	0         	
0.910500	0         	0.910500	0         	0.910500	1.97549   	0.910500	0         	
0.911000	0         	0.911000	0         	0.911000	1.97549   	0.911000	0         	
0.911500	0         	0.911500	0         	0.911500	1.97549   	0.911500	0         	
0.912000	0         	0.912000	0         	0.912000	1.97549   	0.912000	0         	
0.912500	0         	0.912500	0         	0.912500	1.97549   	0.912500	0         	
0.913000	0         	0.913000	0         	0.913000	1.97549   	0.913000	0         	
0.913500	0         	0.913500	0         	0.913500	1.97549   	0.913500	0         	
0.914000	0         	0.914000	0         	0.914000	1.97549   	0.914000	0         	
0.914500	0         	0.914500	0         	0.914500	1.97549   	0.914500	0         	
0.915000	0         	0.915000	0         	0.915000	1.97549   	0.915000	0         	
0.915500	0         	0.915500	0         	0.915500	1.97549   	0.915500	0         	
0.916000	0         	0.916000	0         	0.916000	1.97549   	0.916000	0         	
0.916500	0         	0.916500	0         	0.916500	1.97549   	0.916500	0         	
0.917000	0         	0.917000	0         	0.917000	1.97549   	0.917000	0         	
0.917500	0         	0.917500	0         	0.917500	1.97549   	0.917500	0         	
0.918000	0         	0.918000	0         	0.918000	1.97549   	0.918000	0         	
0.918500	0         	0.918500	0         	0.918500	1.97549   	0.918500	0         	
0.919000	0         	0.919000	0         	0.919000	1.97549   	0.919000	0         	
0.919500	0         	0.919500	0         	0.919500	1.97549   	0.919500	0         	
0.920000	0         	0.920000	0         	0.920000	1.97549   	0.920000	0         	
0.920500	0         	0.920500	0         	0.920500	1.97549   	0.920500	0         	
0.921000	0         	0.921000	0         	0.921000	1.97549   	0.921000	0         	
0.921500	0         	0.921500	0         	0.921500	1.97549   	0.921500	0         	
0.922000	0         	0.922000	0         	0.922000	1.97549   	0.922000	0         	
0.922500	0         	0.922500	0         	0.922500	1.97549   	0.922500	0         	
0.923000	0         	0.923000	0         	0.923000	1.97549   	0.923000	0         	
0.923500	0         	0.923500	0         	0.923500	1.97549   	0.923500	0         	
0.924000	0         	0.924000	0         	0.924000	1.97549   	0.924000	0         	
0.924500	0         	0.924500	0         	0.924500	1.97549   	0.924500	0         	
0.925000	0         	0.925000	0         	0.925000	1.97549   	0.925000	0         	
0.925500	0         	0.925500	0         	0.925500	1.97549   	0.925500	0         	
0.926000	0         	0.926000	0         	0.926000	1.97549   	0.926000	0         	
0.926500	0         	0.926500	0         	0.926500	1.97549   	0.926500	0         	
0.927000	0         	0.927000	0         	0.927000	1.97549   	0.927000	0         	
0.927500	0         	0.927500	0         	0.927500	1.97549   	0.927500	0         	
0.928000	0         	0.928000	0         	0.928000	1.97549   	0.928000	0         	
0.928500	0         	0.928500	0         	0.928500	1.97549   	0.928500	0         	
0.929000	0         	0.929000	0         	0.929000	1.97549   	0.929000	0         	
0.929500	0         	0.929500	0         	0.929500	1.97549   	0.929500	0         	
0.930000	0         	0.930000	0         	0.930000	1.97549   	0.930000	0         	
0.930500	0         	0.930500	0         	0.930500	1.97549   	0.930500	0         	
0.931000	0         	0.931000	0         	0.931000	1.97549   	0.931000	0         	
0.931500	0         	0.931500	0         	0.931500	1.97549   	0.931500	0         	
0.932000	0         	0.932000	0         	0.932000	1.97549   	0.932000	0         	
0.932500	0         	0.932500	0         	0.932500	1.97549   	0.932500	0         	
0.933000	0         	0.933000	0         	0.933000	1.97549   	0.933000	0         	
0.933500	0         	0.933500	0         	0.933500	1.97549   	0.933500	0         	
0.934000	0         	0.934000	0         	0.934000	1.97549   	0.934000	0         	
0.934500	0         	0.934500	0         	0.934500	1.97549   	0.934500	0         	
0.935000	0         	0.935000	0         	0.935000	1.97549   	0.935000	0         	
0.935500	0         	0.935500	0         	0.935500	1.97549   	0.935500	0         	
0.936000	0         	0.936000	0         	0.936000	1.97549   	0.936000	0         	
0.936500	0         	0.936500	0         	0.936500	1.97549   	0.936500	0         	
0.937000	0         	0.937000	0         	0.937000	1.97549   	0.937000	0         	
0.937500	0         	0.937500	0         	0.937500	1.97549   	0.937500	0         	
0.938000	0         	0.938000	0         	0.938000	1.97549   	0.938000	0         	
0.938500	0         	0.938500	0         	0.938500	1.97549   	0.938500	0         	
0.939000	0         	0.939000	0         	0.939000	1.97549   	0.939000	0         	
0.939500	0         	0.939500	0         	0.939500	1.97549   	0.939500	0         	
0.940000	0         	0.940000	0         	0.940000	1.97549   	0.940000	0         	
0.940500	0         	0.940500	0         	0.940500	1.97549   	0.940500	0         	
0.941000	0         	0.941000	0         	0.941000	1.97549   	0.941000	0         	
0.941500	0         	0.941500	0         	0.941500	1.97549   	0.941500	0         	
0.942000	0         	0.942000	0         	0.942000	1.97549   	0.942000	0         	
0.942500	0         	0.942500	0         	0.942500	1.97549   	0.942500	0         	
0.943000	0         	0.943000	0         	0.943000	1.97549   	0.943000	0         	
0.943500	0         	0.943500	0         	0.943500	1.97549   	0.943500	0         	
0.944000	0         	0.944000	0         	0.944000	1.97549   	0.944000	0         	
0.944500	0         	0.944500	0         	0.944500	1.97549   	0.944500	0         	
0.945000	0         	0.945000	0         	0.945000	1.97549   	0.945000	0         	
0.945500	0         	0.945500	0         	0.945500	1.97549   	0.945500	0         	
0.946000	0         	0.946000	0         	0.946000	1.97549   	0.946000	0         	
0.946500	0         	0.946500	0         	0.946500	1.97549   	0.946500	0         	
0.947000	0         	0.947000	0         	0.947000	1.97549   	0.947000	0         	
0.947500	0         	0.947500	0         	0.947500	1.97549   	0.947500	0         	
0.948000	0         	0.948000	0         	0.948000	1.97549   	0.948000	0         	
0.948500	0         	0.948500	0         	0.948500	1.97549   	0.948500	0         	
0.949000	0         	0.949000	0         	0.949000	1.97549   	0.949000	0         	
0.949500	0         	0.949500	0         	0.949500	1.97549   	0.949500	0         	
0.950000	0         	0.950000	0         	0.950000	1.97549   	0.950000	0         	
0.950500	0         	0.950500	0         	0.950500	1.97549   	0.950500	0         	
0.951000	0         	0.951000	0         	0.951000	1.97549   	0.951000	0         	
0.951500	0         	0.951500	0         	0.951500	1.97549   	0.951500	0         	
0.952000	0         	0.952000	0         	0.952000	1.97549   	0.952000	0         	
0.952500	0         	0.952500	0         	0.952500	1.97549   	0.952500	0         	
0.953000	0         	0.953000	0         	0.953000	1.97549   	0.953000	0         	
0.953500	0         	0.953500	0         	0.953500	1.97549   	0.953500	0         	
0.954000	0         	0.954000	0         	0.954000	1.97549   	0.954000	0         	
0.954500	0         	0.954500	0         	0.954500	1.97549   	0.954500	0         	
0.955000	0         	0.955000	0         	0.955000	1.97549   	0.955000	0         	
0.955500	0         	0.955500	0         	0.955500	1.97549   	0.955500	0         	
0.956000	0         	0.956000	0         	0.956000	1.97549   	0.956000	0         	
0.956500	0         	0.956500	0         	0.956500	1.97549   	0.956500	0         	
0.957000	0         	0.957000	0         	0.957000	1.97549   	0.957000	0         	
0.957500	0         	0.957500	0         	0.957500	1.97549   	0.957500	0         	
0.958000	0         	0.958000	0         	0.958000	1.97549   	0.958000	0         	
0.958500	0         	0.958500	0         	0.958500	1.97549   	0.958500	0         	
0.959000	0         	0.959000	0         	0.959000	1.97549   	0.959000	0         	
0.959500	0         	0.959500	0         	0.959500	1.97549   	0.959500	0         	
0.960000	0         	0.960000	0         	0.960000	1.97549   	0.960000	0         	
