Thickness of SUS flat deg [mm]1	(B-C) stopped in THIS detector	Thickness of SUS flat deg [mm]2	(C)   yield after THIS detector 	Thickness of SUS flat deg [mm]3	(A-B) stopped before THIS detector	Thickness of SUS flat deg [mm]4	(B)   yield before THIS detector	
0.660000	0         	0.660000	0.353037  	0.660000	0.0107024 	0.660000	0.353037  	
0.660500	0         	0.660500	0.35303   	0.660500	0.0107096 	0.660500	0.35303   	
0.661000	0         	0.661000	0.353023  	0.661000	0.0107167 	0.661000	0.353023  	
0.661500	0         	0.661500	0.353016  	0.661500	0.0107238 	0.661500	0.353016  	
0.662000	0         	0.662000	0.353009  	0.662000	0.010731  	0.662000	0.353009  	
0.662500	0         	0.662500	0.353002  	0.662500	0.0107381 	0.662500	0.353002  	
0.663000	0         	0.663000	0.352994  	0.663000	0.0107452 	0.663000	0.352994  	
0.663500	0         	0.663500	0.352987  	0.663500	0.0107523 	0.663500	0.352987  	
0.664000	0         	0.664000	0.35298   	0.664000	0.0107594 	0.664000	0.35298   	
0.664500	0         	0.664500	0.352973  	0.664500	0.0107666 	0.664500	0.352973  	
0.665000	0         	0.665000	0.352966  	0.665000	0.0107737 	0.665000	0.352966  	
0.665500	0         	0.665500	0.352959  	0.665500	0.0107808 	0.665500	0.352959  	
0.666000	0         	0.666000	0.352952  	0.666000	0.0107879 	0.666000	0.352952  	
0.666500	0         	0.666500	0.352945  	0.666500	0.0107951 	0.666500	0.352945  	
0.667000	0         	0.667000	0.352937  	0.667000	0.0108022 	0.667000	0.352937  	
0.667500	0         	0.667500	0.35293   	0.667500	0.0108093 	0.667500	0.35293   	
0.668000	0         	0.668000	0.352923  	0.668000	0.0108164 	0.668000	0.352923  	
0.668500	0         	0.668500	0.352916  	0.668500	0.0108235 	0.668500	0.352916  	
0.669000	0         	0.669000	0.352909  	0.669000	0.0108306 	0.669000	0.352909  	
0.669500	0         	0.669500	0.352902  	0.669500	0.0108377 	0.669500	0.352902  	
0.670000	0         	0.670000	0.352895  	0.670000	0.0108448 	0.670000	0.352895  	
0.670500	0         	0.670500	0.352888  	0.670500	0.0108519 	0.670500	0.352888  	
0.671000	0         	0.671000	0.352881  	0.671000	0.0108591 	0.671000	0.352881  	
0.671500	0         	0.671500	0.352873  	0.671500	0.0108662 	0.671500	0.352873  	
0.672000	0         	0.672000	0.352866  	0.672000	0.0108733 	0.672000	0.352866  	
0.672500	0         	0.672500	0.352859  	0.672500	0.0108804 	0.672500	0.352859  	
0.673000	0         	0.673000	0.352852  	0.673000	0.0108875 	0.673000	0.352852  	
0.673500	0         	0.673500	0.352845  	0.673500	0.0108946 	0.673500	0.352845  	
0.674000	0         	0.674000	0.352838  	0.674000	0.0109017 	0.674000	0.352838  	
0.674500	0         	0.674500	0.352831  	0.674500	0.0109088 	0.674500	0.352831  	
0.675000	0         	0.675000	0.352824  	0.675000	0.0109159 	0.675000	0.352824  	
0.675500	0         	0.675500	0.352817  	0.675500	0.010923  	0.675500	0.352817  	
0.676000	0         	0.676000	0.35281   	0.676000	0.0109301 	0.676000	0.35281   	
0.676500	0         	0.676500	0.352802  	0.676500	0.0109372 	0.676500	0.352802  	
0.677000	0         	0.677000	0.352795  	0.677000	0.0109442 	0.677000	0.352795  	
0.677500	0         	0.677500	0.352788  	0.677500	0.0109513 	0.677500	0.352788  	
0.678000	0         	0.678000	0.352781  	0.678000	0.0109584 	0.678000	0.352781  	
0.678500	0         	0.678500	0.352774  	0.678500	0.0109655 	0.678500	0.352774  	
0.679000	0         	0.679000	0.352767  	0.679000	0.0109726 	0.679000	0.352767  	
0.679500	0         	0.679500	0.35276   	0.679500	0.0109797 	0.679500	0.35276   	
0.680000	0         	0.680000	0.352753  	0.680000	0.0109868 	0.680000	0.352753  	
0.680500	0         	0.680500	0.352746  	0.680500	0.0109938 	0.680500	0.352746  	
0.681000	0         	0.681000	0.352739  	0.681000	0.0110009 	0.681000	0.352739  	
0.681500	0         	0.681500	0.352732  	0.681500	0.0110079 	0.681500	0.352732  	
0.682000	0         	0.682000	0.352725  	0.682000	0.011015  	0.682000	0.352725  	
0.682500	0         	0.682500	0.352718  	0.682500	0.0110221 	0.682500	0.352718  	
0.683000	0         	0.683000	0.35271   	0.683000	0.0110291 	0.683000	0.35271   	
0.683500	0         	0.683500	0.352703  	0.683500	0.0110362 	0.683500	0.352703  	
0.684000	0         	0.684000	0.352696  	0.684000	0.0110432 	0.684000	0.352696  	
0.684500	0         	0.684500	0.352689  	0.684500	0.0110503 	0.684500	0.352689  	
0.685000	0         	0.685000	0.352682  	0.685000	0.0110574 	0.685000	0.352682  	
0.685500	0         	0.685500	0.352675  	0.685500	0.0110644 	0.685500	0.352675  	
0.686000	0         	0.686000	0.352668  	0.686000	0.0110715 	0.686000	0.352668  	
0.686500	0         	0.686500	0.352661  	0.686500	0.0110785 	0.686500	0.352661  	
0.687000	0         	0.687000	0.352654  	0.687000	0.0110856 	0.687000	0.352654  	
0.687500	0         	0.687500	0.352647  	0.687500	0.0110926 	0.687500	0.352647  	
0.688000	0         	0.688000	0.35264   	0.688000	0.0110997 	0.688000	0.35264   	
0.688500	0         	0.688500	0.352633  	0.688500	0.0111067 	0.688500	0.352633  	
0.689000	0         	0.689000	0.352626  	0.689000	0.0111138 	0.689000	0.352626  	
0.689500	0         	0.689500	0.352619  	0.689500	0.0111208 	0.689500	0.352619  	
0.690000	0         	0.690000	0.352612  	0.690000	0.0111279 	0.690000	0.352612  	
0.690500	0         	0.690500	0.352605  	0.690500	0.0111349 	0.690500	0.352605  	
0.691000	0         	0.691000	0.352598  	0.691000	0.0111419 	0.691000	0.352598  	
0.691500	0         	0.691500	0.352591  	0.691500	0.011149  	0.691500	0.352591  	
0.692000	0         	0.692000	0.352584  	0.692000	0.011156  	0.692000	0.352584  	
0.692500	0         	0.692500	0.352577  	0.692500	0.0111631 	0.692500	0.352577  	
0.693000	0         	0.693000	0.352569  	0.693000	0.0111701 	0.693000	0.352569  	
0.693500	0         	0.693500	0.352562  	0.693500	0.0111771 	0.693500	0.352562  	
0.694000	0         	0.694000	0.352555  	0.694000	0.0111842 	0.694000	0.352555  	
0.694500	0         	0.694500	0.352548  	0.694500	0.0111912 	0.694500	0.352548  	
0.695000	0         	0.695000	0.352541  	0.695000	0.0111982 	0.695000	0.352541  	
0.695500	0         	0.695500	0.352534  	0.695500	0.0112053 	0.695500	0.352534  	
0.696000	0         	0.696000	0.352527  	0.696000	0.0112123 	0.696000	0.352527  	
0.696500	0         	0.696500	0.35252   	0.696500	0.0112193 	0.696500	0.35252   	
0.697000	0         	0.697000	0.352513  	0.697000	0.0112263 	0.697000	0.352513  	
0.697500	0         	0.697500	0.352506  	0.697500	0.0112334 	0.697500	0.352506  	
0.698000	0         	0.698000	0.352499  	0.698000	0.0112404 	0.698000	0.352499  	
0.698500	0         	0.698500	0.352492  	0.698500	0.0112474 	0.698500	0.352492  	
0.699000	0         	0.699000	0.352485  	0.699000	0.0112544 	0.699000	0.352485  	
0.699500	0         	0.699500	0.352478  	0.699500	0.0112615 	0.699500	0.352478  	
0.700000	0         	0.700000	0.352471  	0.700000	0.0112685 	0.700000	0.352471  	
0.700500	0         	0.700500	0.352464  	0.700500	0.0112755 	0.700500	0.352464  	
0.701000	0         	0.701000	0.352457  	0.701000	0.0112825 	0.701000	0.352457  	
0.701500	0         	0.701500	0.35245   	0.701500	0.0112895 	0.701500	0.35245   	
0.702000	0         	0.702000	0.352443  	0.702000	0.0112965 	0.702000	0.352443  	
0.702500	0         	0.702500	0.352436  	0.702500	0.0113035 	0.702500	0.352436  	
0.703000	0         	0.703000	0.352429  	0.703000	0.0113105 	0.703000	0.352429  	
0.703500	0         	0.703500	0.352422  	0.703500	0.0113176 	0.703500	0.352422  	
0.704000	0         	0.704000	0.352415  	0.704000	0.0113246 	0.704000	0.352415  	
0.704500	0         	0.704500	0.352408  	0.704500	0.0113316 	0.704500	0.352408  	
0.705000	0         	0.705000	0.352401  	0.705000	0.0113386 	0.705000	0.352401  	
0.705500	0         	0.705500	0.352394  	0.705500	0.0113456 	0.705500	0.352394  	
0.706000	0         	0.706000	0.352387  	0.706000	0.0113526 	0.706000	0.352387  	
0.706500	0         	0.706500	0.35238   	0.706500	0.0113596 	0.706500	0.35238   	
0.707000	0         	0.707000	0.352373  	0.707000	0.0113666 	0.707000	0.352373  	
0.707500	0         	0.707500	0.352366  	0.707500	0.0113736 	0.707500	0.352366  	
0.708000	0         	0.708000	0.352359  	0.708000	0.0113805 	0.708000	0.352359  	
0.708500	0         	0.708500	0.352352  	0.708500	0.0113875 	0.708500	0.352352  	
0.709000	0         	0.709000	0.352345  	0.709000	0.0113945 	0.709000	0.352345  	
0.709500	0         	0.709500	0.352338  	0.709500	0.0114015 	0.709500	0.352338  	
0.710000	0         	0.710000	0.352331  	0.710000	0.0114085 	0.710000	0.352331  	
0.710500	0         	0.710500	0.352324  	0.710500	0.0114155 	0.710500	0.352324  	
0.711000	0         	0.711000	0.352317  	0.711000	0.0114225 	0.711000	0.352317  	
0.711500	0         	0.711500	0.35231   	0.711500	0.0114294 	0.711500	0.35231   	
0.712000	0         	0.712000	0.352303  	0.712000	0.0114364 	0.712000	0.352303  	
0.712500	0         	0.712500	0.352296  	0.712500	0.0114434 	0.712500	0.352296  	
0.713000	0         	0.713000	0.352289  	0.713000	0.0114503 	0.713000	0.352289  	
0.713500	0         	0.713500	0.352282  	0.713500	0.0114573 	0.713500	0.352282  	
0.714000	0         	0.714000	0.352275  	0.714000	0.0114642 	0.714000	0.352275  	
0.714500	0         	0.714500	0.352268  	0.714500	0.0114712 	0.714500	0.352268  	
0.715000	0         	0.715000	0.352261  	0.715000	0.0114781 	0.715000	0.352261  	
0.715500	0         	0.715500	0.352255  	0.715500	0.0114851 	0.715500	0.352255  	
0.716000	0         	0.716000	0.352248  	0.716000	0.011492  	0.716000	0.352248  	
0.716500	0         	0.716500	0.352241  	0.716500	0.011499  	0.716500	0.352241  	
0.717000	0         	0.717000	0.352234  	0.717000	0.0115059 	0.717000	0.352234  	
0.717500	0         	0.717500	0.352227  	0.717500	0.0115129 	0.717500	0.352227  	
0.718000	0         	0.718000	0.35222   	0.718000	0.0115198 	0.718000	0.35222   	
0.718500	0         	0.718500	0.352213  	0.718500	0.0115267 	0.718500	0.352213  	
0.719000	0         	0.719000	0.352206  	0.719000	0.0115337 	0.719000	0.352206  	
0.719500	0         	0.719500	0.352199  	0.719500	0.0115406 	0.719500	0.352199  	
0.720000	0         	0.720000	0.352192  	0.720000	0.0115475 	0.720000	0.352192  	
0.720500	0         	0.720500	0.352185  	0.720500	0.0115545 	0.720500	0.352185  	
0.721000	0         	0.721000	0.352178  	0.721000	0.0115614 	0.721000	0.352178  	
0.721500	0         	0.721500	0.352171  	0.721500	0.0115683 	0.721500	0.352171  	
0.722000	0         	0.722000	0.352164  	0.722000	0.0115753 	0.722000	0.352164  	
0.722500	0         	0.722500	0.352157  	0.722500	0.0115822 	0.722500	0.352157  	
0.723000	0         	0.723000	0.35215   	0.723000	0.0115891 	0.723000	0.35215   	
0.723500	0         	0.723500	0.352144  	0.723500	0.011596  	0.723500	0.352144  	
0.724000	0         	0.724000	0.352137  	0.724000	0.0116029 	0.724000	0.352137  	
0.724500	0         	0.724500	0.35213   	0.724500	0.0116099 	0.724500	0.35213   	
0.725000	0         	0.725000	0.352123  	0.725000	0.0116168 	0.725000	0.352123  	
0.725500	0         	0.725500	0.352116  	0.725500	0.0116237 	0.725500	0.352116  	
0.726000	0         	0.726000	0.352109  	0.726000	0.0116306 	0.726000	0.352109  	
0.726500	0         	0.726500	0.352102  	0.726500	0.0116375 	0.726500	0.352102  	
0.727000	0         	0.727000	0.352095  	0.727000	0.0116444 	0.727000	0.352095  	
0.727500	0         	0.727500	0.352088  	0.727500	0.0116513 	0.727500	0.352088  	
0.728000	0         	0.728000	0.352081  	0.728000	0.0116582 	0.728000	0.352081  	
0.728500	0         	0.728500	0.352074  	0.728500	0.0116651 	0.728500	0.352074  	
0.729000	0         	0.729000	0.352068  	0.729000	0.011672  	0.729000	0.352068  	
0.729500	0         	0.729500	0.352061  	0.729500	0.0116789 	0.729500	0.352061  	
0.730000	0         	0.730000	0.352054  	0.730000	0.0116858 	0.730000	0.352054  	
0.730500	0         	0.730500	0.352047  	0.730500	0.0116927 	0.730500	0.352047  	
0.731000	0         	0.731000	0.35204   	0.731000	0.0116996 	0.731000	0.35204   	
0.731500	0         	0.731500	0.352033  	0.731500	0.0117065 	0.731500	0.352033  	
0.732000	0         	0.732000	0.352026  	0.732000	0.0117134 	0.732000	0.352026  	
0.732500	0         	0.732500	0.352019  	0.732500	0.0117203 	0.732500	0.352019  	
0.733000	0         	0.733000	0.352012  	0.733000	0.0117272 	0.733000	0.352012  	
0.733500	0         	0.733500	0.352006  	0.733500	0.011734  	0.733500	0.352006  	
0.734000	0         	0.734000	0.351999  	0.734000	0.0117409 	0.734000	0.351999  	
0.734500	0         	0.734500	0.351992  	0.734500	0.0117478 	0.734500	0.351992  	
0.735000	0         	0.735000	0.351985  	0.735000	0.0117547 	0.735000	0.351985  	
0.735500	0         	0.735500	0.351978  	0.735500	0.0117615 	0.735500	0.351978  	
0.736000	0         	0.736000	0.351971  	0.736000	0.0117684 	0.736000	0.351971  	
0.736500	0         	0.736500	0.351964  	0.736500	0.0117753 	0.736500	0.351964  	
0.737000	0         	0.737000	0.351957  	0.737000	0.0117821 	0.737000	0.351957  	
0.737500	0         	0.737500	0.351951  	0.737500	0.011789  	0.737500	0.351951  	
0.738000	0         	0.738000	0.351944  	0.738000	0.0117959 	0.738000	0.351944  	
0.738500	0         	0.738500	0.351937  	0.738500	0.0118027 	0.738500	0.351937  	
0.739000	0         	0.739000	0.35193   	0.739000	0.0118096 	0.739000	0.35193   	
0.739500	0         	0.739500	0.351923  	0.739500	0.0118165 	0.739500	0.351923  	
0.740000	0         	0.740000	0.351916  	0.740000	0.0118233 	0.740000	0.351916  	
0.740500	0         	0.740500	0.351909  	0.740500	0.0118302 	0.740500	0.351909  	
0.741000	0         	0.741000	0.351903  	0.741000	0.011837  	0.741000	0.351903  	
0.741500	0         	0.741500	0.351896  	0.741500	0.0118439 	0.741500	0.351896  	
0.742000	0         	0.742000	0.351889  	0.742000	0.0118507 	0.742000	0.351889  	
0.742500	0         	0.742500	0.351882  	0.742500	0.0118575 	0.742500	0.351882  	
0.743000	0         	0.743000	0.351875  	0.743000	0.0118644 	0.743000	0.351875  	
0.743500	0         	0.743500	0.351868  	0.743500	0.0118712 	0.743500	0.351868  	
0.744000	0         	0.744000	0.351862  	0.744000	0.011878  	0.744000	0.351862  	
0.744500	0         	0.744500	0.351855  	0.744500	0.0118849 	0.744500	0.351855  	
0.745000	0         	0.745000	0.351848  	0.745000	0.0118917 	0.745000	0.351848  	
0.745500	0         	0.745500	0.351841  	0.745500	0.0118985 	0.745500	0.351841  	
0.746000	0         	0.746000	0.351834  	0.746000	0.0119053 	0.746000	0.351834  	
0.746500	0         	0.746500	0.351827  	0.746500	0.0119122 	0.746500	0.351827  	
0.747000	0         	0.747000	0.351821  	0.747000	0.011919  	0.747000	0.351821  	
0.747500	0         	0.747500	0.351814  	0.747500	0.0119258 	0.747500	0.351814  	
0.748000	0         	0.748000	0.351807  	0.748000	0.0119326 	0.748000	0.351807  	
0.748500	0         	0.748500	0.3518    	0.748500	0.0119394 	0.748500	0.3518    	
0.749000	0         	0.749000	0.351793  	0.749000	0.0119461 	0.749000	0.351793  	
0.749500	0         	0.749500	0.351787  	0.749500	0.0119529 	0.749500	0.351787  	
0.750000	0         	0.750000	0.35178   	0.750000	0.0119597 	0.750000	0.35178   	
0.750500	0         	0.750500	0.351773  	0.750500	0.0119665 	0.750500	0.351773  	
0.751000	0         	0.751000	0.351766  	0.751000	0.0119733 	0.751000	0.351766  	
0.751500	0         	0.751500	0.35176   	0.751500	0.01198   	0.751500	0.35176   	
0.752000	0         	0.752000	0.351753  	0.752000	0.0119868 	0.752000	0.351753  	
0.752500	0         	0.752500	0.351746  	0.752500	0.0119936 	0.752500	0.351746  	
0.753000	0         	0.753000	0.351739  	0.753000	0.0120003 	0.753000	0.351739  	
0.753500	0         	0.753500	0.351732  	0.753500	0.0120071 	0.753500	0.351732  	
0.754000	0         	0.754000	0.351726  	0.754000	0.0120139 	0.754000	0.351726  	
0.754500	0         	0.754500	0.351719  	0.754500	0.0120206 	0.754500	0.351719  	
0.755000	0         	0.755000	0.351712  	0.755000	0.0120274 	0.755000	0.351712  	
0.755500	0         	0.755500	0.351705  	0.755500	0.0120341 	0.755500	0.351705  	
0.756000	0         	0.756000	0.351699  	0.756000	0.0120409 	0.756000	0.351699  	
0.756500	0         	0.756500	0.351692  	0.756500	0.0120476 	0.756500	0.351692  	
0.757000	0         	0.757000	0.351685  	0.757000	0.0120544 	0.757000	0.351685  	
0.757500	0         	0.757500	0.351678  	0.757500	0.0120611 	0.757500	0.351678  	
0.758000	0         	0.758000	0.351672  	0.758000	0.0120679 	0.758000	0.351672  	
0.758500	0         	0.758500	0.351665  	0.758500	0.0120746 	0.758500	0.351665  	
0.759000	0         	0.759000	0.351658  	0.759000	0.0120813 	0.759000	0.351658  	
0.759500	0         	0.759500	0.351652  	0.759500	0.0120881 	0.759500	0.351652  	
0.760000	0         	0.760000	0.351645  	0.760000	0.0120948 	0.760000	0.351645  	
0.760500	0         	0.760500	0.351638  	0.760500	0.0121015 	0.760500	0.351638  	
0.761000	0         	0.761000	0.351631  	0.761000	0.0121082 	0.761000	0.351631  	
0.761500	0         	0.761500	0.351625  	0.761500	0.0121149 	0.761500	0.351625  	
0.762000	0         	0.762000	0.351618  	0.762000	0.0121217 	0.762000	0.351618  	
0.762500	0         	0.762500	0.351611  	0.762500	0.0121284 	0.762500	0.351611  	
0.763000	0         	0.763000	0.351605  	0.763000	0.0121351 	0.763000	0.351605  	
0.763500	0         	0.763500	0.351598  	0.763500	0.0121418 	0.763500	0.351598  	
0.764000	0         	0.764000	0.351591  	0.764000	0.0121485 	0.764000	0.351591  	
0.764500	0         	0.764500	0.351584  	0.764500	0.0121552 	0.764500	0.351584  	
0.765000	0         	0.765000	0.351578  	0.765000	0.0121619 	0.765000	0.351578  	
0.765500	0         	0.765500	0.351571  	0.765500	0.0121685 	0.765500	0.351571  	
0.766000	0         	0.766000	0.351564  	0.766000	0.0121752 	0.766000	0.351564  	
0.766500	0         	0.766500	0.351558  	0.766500	0.0121819 	0.766500	0.351558  	
0.767000	0         	0.767000	0.351551  	0.767000	0.0121886 	0.767000	0.351551  	
0.767500	0         	0.767500	0.351544  	0.767500	0.0121953 	0.767500	0.351544  	
0.768000	0         	0.768000	0.351538  	0.768000	0.0122019 	0.768000	0.351538  	
0.768500	0         	0.768500	0.351531  	0.768500	0.0122086 	0.768500	0.351531  	
0.769000	0         	0.769000	0.351524  	0.769000	0.0122153 	0.769000	0.351524  	
0.769500	0         	0.769500	0.351518  	0.769500	0.0122219 	0.769500	0.351518  	
0.770000	0         	0.770000	0.351511  	0.770000	0.0122286 	0.770000	0.351511  	
0.770500	0         	0.770500	0.351504  	0.770500	0.0122352 	0.770500	0.351504  	
0.771000	0         	0.771000	0.351498  	0.771000	0.0122419 	0.771000	0.351498  	
0.771500	0         	0.771500	0.351491  	0.771500	0.0122485 	0.771500	0.351491  	
0.772000	0         	0.772000	0.351484  	0.772000	0.0122552 	0.772000	0.351484  	
0.772500	0         	0.772500	0.351478  	0.772500	0.0122618 	0.772500	0.351478  	
0.773000	0         	0.773000	0.351471  	0.773000	0.0122685 	0.773000	0.351471  	
0.773500	0         	0.773500	0.351464  	0.773500	0.0122751 	0.773500	0.351464  	
0.774000	0         	0.774000	0.351458  	0.774000	0.0122817 	0.774000	0.351458  	
0.774500	0         	0.774500	0.351451  	0.774500	0.0122884 	0.774500	0.351451  	
0.775000	0         	0.775000	0.351445  	0.775000	0.012295  	0.775000	0.351445  	
0.775500	0         	0.775500	0.351438  	0.775500	0.0123016 	0.775500	0.351438  	
0.776000	0         	0.776000	0.351431  	0.776000	0.0123082 	0.776000	0.351431  	
0.776500	0         	0.776500	0.351425  	0.776500	0.0123148 	0.776500	0.351425  	
0.777000	0         	0.777000	0.351418  	0.777000	0.0123214 	0.777000	0.351418  	
0.777500	0         	0.777500	0.351412  	0.777500	0.012328  	0.777500	0.351412  	
0.778000	0         	0.778000	0.351405  	0.778000	0.0123346 	0.778000	0.351405  	
0.778500	0         	0.778500	0.351398  	0.778500	0.0123412 	0.778500	0.351398  	
0.779000	0         	0.779000	0.351392  	0.779000	0.0123478 	0.779000	0.351392  	
0.779500	0         	0.779500	0.351385  	0.779500	0.0123544 	0.779500	0.351385  	
0.780000	0         	0.780000	0.351379  	0.780000	0.012361  	0.780000	0.351379  	
0.780500	0         	0.780500	0.351372  	0.780500	0.0123675 	0.780500	0.351372  	
0.781000	0         	0.781000	0.351365  	0.781000	0.0123741 	0.781000	0.351365  	
0.781500	0         	0.781500	0.351359  	0.781500	0.0123807 	0.781500	0.351359  	
0.782000	0         	0.782000	0.351352  	0.782000	0.0123872 	0.782000	0.351352  	
0.782500	0         	0.782500	0.351346  	0.782500	0.0123938 	0.782500	0.351346  	
0.783000	0         	0.783000	0.351339  	0.783000	0.0124003 	0.783000	0.351339  	
0.783500	0         	0.783500	0.351333  	0.783500	0.0124069 	0.783500	0.351333  	
0.784000	0         	0.784000	0.351326  	0.784000	0.0124134 	0.784000	0.351326  	
0.784500	0         	0.784500	0.35132   	0.784500	0.0124199 	0.784500	0.35132   	
0.785000	0         	0.785000	0.351313  	0.785000	0.0124265 	0.785000	0.351313  	
0.785500	0         	0.785500	0.351307  	0.785500	0.012433  	0.785500	0.351307  	
0.786000	0         	0.786000	0.3513    	0.786000	0.0124395 	0.786000	0.3513    	
0.786500	0         	0.786500	0.351294  	0.786500	0.012446  	0.786500	0.351294  	
0.787000	0         	0.787000	0.351287  	0.787000	0.0124525 	0.787000	0.351287  	
0.787500	0         	0.787500	0.351281  	0.787500	0.012459  	0.787500	0.351281  	
0.788000	0         	0.788000	0.351274  	0.788000	0.0124655 	0.788000	0.351274  	
0.788500	0         	0.788500	0.351268  	0.788500	0.012472  	0.788500	0.351268  	
0.789000	0         	0.789000	0.351261  	0.789000	0.0124784 	0.789000	0.351261  	
0.789500	0         	0.789500	0.351255  	0.789500	0.0124849 	0.789500	0.351255  	
0.790000	0         	0.790000	0.351248  	0.790000	0.0124914 	0.790000	0.351248  	
0.790500	0         	0.790500	0.351242  	0.790500	0.0124978 	0.790500	0.351242  	
0.791000	0         	0.791000	0.351235  	0.791000	0.0125043 	0.791000	0.351235  	
0.791500	0         	0.791500	0.351229  	0.791500	0.0125107 	0.791500	0.351229  	
0.792000	0         	0.792000	0.351222  	0.792000	0.0125171 	0.792000	0.351222  	
0.792500	0         	0.792500	0.351216  	0.792500	0.0125236 	0.792500	0.351216  	
0.793000	0         	0.793000	0.35121   	0.793000	0.01253   	0.793000	0.35121   	
0.793500	0         	0.793500	0.351203  	0.793500	0.0125364 	0.793500	0.351203  	
0.794000	0         	0.794000	0.351197  	0.794000	0.0125428 	0.794000	0.351197  	
0.794500	0         	0.794500	0.35119   	0.794500	0.0125492 	0.794500	0.35119   	
0.795000	0         	0.795000	0.351184  	0.795000	0.0125556 	0.795000	0.351184  	
0.795500	0         	0.795500	0.351178  	0.795500	0.012562  	0.795500	0.351178  	
0.796000	0         	0.796000	0.351171  	0.796000	0.0125684 	0.796000	0.351171  	
0.796500	0         	0.796500	0.351165  	0.796500	0.0125748 	0.796500	0.351165  	
0.797000	0         	0.797000	0.351158  	0.797000	0.0125812 	0.797000	0.351158  	
0.797500	0         	0.797500	0.351152  	0.797500	0.0125876 	0.797500	0.351152  	
0.798000	0         	0.798000	0.351146  	0.798000	0.0125939 	0.798000	0.351146  	
0.798500	0         	0.798500	0.351139  	0.798500	0.0126003 	0.798500	0.351139  	
0.799000	0         	0.799000	0.351133  	0.799000	0.0126066 	0.799000	0.351133  	
0.799500	0         	0.799500	0.351127  	0.799500	0.012613  	0.799500	0.351127  	
0.800000	0         	0.800000	0.35112   	0.800000	0.0126193 	0.800000	0.35112   	
0.800500	0         	0.800500	0.351114  	0.800500	0.0126256 	0.800500	0.351114  	
0.801000	0         	0.801000	0.351108  	0.801000	0.012632  	0.801000	0.351108  	
0.801500	0         	0.801500	0.351101  	0.801500	0.0126383 	0.801500	0.351101  	
0.802000	0         	0.802000	0.351095  	0.802000	0.0126446 	0.802000	0.351095  	
0.802500	0         	0.802500	0.351089  	0.802500	0.0126509 	0.802500	0.351089  	
0.803000	0         	0.803000	0.351082  	0.803000	0.0126572 	0.803000	0.351082  	
0.803500	0         	0.803500	0.351076  	0.803500	0.0126635 	0.803500	0.351076  	
0.804000	0         	0.804000	0.35107   	0.804000	0.0126697 	0.804000	0.35107   	
0.804500	0         	0.804500	0.351064  	0.804500	0.012676  	0.804500	0.351064  	
0.805000	0         	0.805000	0.351057  	0.805000	0.0126823 	0.805000	0.351057  	
0.805500	0         	0.805500	0.351051  	0.805500	0.0126885 	0.805500	0.351051  	
0.806000	0         	0.806000	0.351045  	0.806000	0.0126948 	0.806000	0.351045  	
0.806500	0         	0.806500	0.351039  	0.806500	0.012701  	0.806500	0.351039  	
0.807000	0         	0.807000	0.351032  	0.807000	0.0127072 	0.807000	0.351032  	
0.807500	0         	0.807500	0.351026  	0.807500	0.0127135 	0.807500	0.351026  	
0.808000	0         	0.808000	0.35102   	0.808000	0.0127197 	0.808000	0.35102   	
0.808500	0         	0.808500	0.351014  	0.808500	0.0127259 	0.808500	0.351014  	
0.809000	0         	0.809000	0.351008  	0.809000	0.0127321 	0.809000	0.351008  	
0.809500	0         	0.809500	0.351001  	0.809500	0.0127383 	0.809500	0.351001  	
0.810000	0         	0.810000	0.350995  	0.810000	0.0127444 	0.810000	0.350995  	
0.810500	0         	0.810500	0.350989  	0.810500	0.0127506 	0.810500	0.350989  	
0.811000	0         	0.811000	0.350983  	0.811000	0.0127568 	0.811000	0.350983  	
0.811500	0         	0.811500	0.350977  	0.811500	0.0127629 	0.811500	0.350977  	
0.812000	0         	0.812000	0.350971  	0.812000	0.0127691 	0.812000	0.350971  	
0.812500	0         	0.812500	0.350964  	0.812500	0.0127752 	0.812500	0.350964  	
0.813000	0         	0.813000	0.350958  	0.813000	0.0127813 	0.813000	0.350958  	
0.813500	0         	0.813500	0.350952  	0.813500	0.0127874 	0.813500	0.350952  	
0.814000	0         	0.814000	0.350946  	0.814000	0.0127936 	0.814000	0.350946  	
0.814500	0         	0.814500	0.35094   	0.814500	0.0127996 	0.814500	0.35094   	
0.815000	0         	0.815000	0.350934  	0.815000	0.0128057 	0.815000	0.350934  	
0.815500	0         	0.815500	0.350928  	0.815500	0.0128118 	0.815500	0.350928  	
0.816000	0         	0.816000	0.350922  	0.816000	0.0128179 	0.816000	0.350922  	
0.816500	0         	0.816500	0.350916  	0.816500	0.0128239 	0.816500	0.350916  	
0.817000	0         	0.817000	0.35091   	0.817000	0.01283   	0.817000	0.35091   	
0.817500	0         	0.817500	0.350904  	0.817500	0.012836  	0.817500	0.350904  	
0.818000	0         	0.818000	0.350898  	0.818000	0.012842  	0.818000	0.350898  	
0.818500	0         	0.818500	0.350892  	0.818500	0.012848  	0.818500	0.350892  	
0.819000	0         	0.819000	0.350886  	0.819000	0.012854  	0.819000	0.350886  	
0.819500	0         	0.819500	0.35088   	0.819500	0.01286   	0.819500	0.35088   	
0.820000	0         	0.820000	0.350874  	0.820000	0.012866  	0.820000	0.350874  	
0.820500	0         	0.820500	0.350868  	0.820500	0.0128719 	0.820500	0.350868  	
0.821000	0         	0.821000	0.350862  	0.821000	0.0128779 	0.821000	0.350862  	
0.821500	0         	0.821500	0.350856  	0.821500	0.0128838 	0.821500	0.350856  	
0.822000	0         	0.822000	0.35085   	0.822000	0.0128897 	0.822000	0.35085   	
0.822500	0         	0.822500	0.350844  	0.822500	0.0128957 	0.822500	0.350844  	
0.823000	0         	0.823000	0.350838  	0.823000	0.0129016 	0.823000	0.350838  	
0.823500	0         	0.823500	0.350832  	0.823500	0.0129074 	0.823500	0.350832  	
0.824000	0         	0.824000	0.350826  	0.824000	0.0129133 	0.824000	0.350826  	
0.824500	0         	0.824500	0.35082   	0.824500	0.0129191 	0.824500	0.35082   	
0.825000	0         	0.825000	0.350815  	0.825000	0.012925  	0.825000	0.350815  	
0.825500	0         	0.825500	0.350809  	0.825500	0.0129308 	0.825500	0.350809  	
0.826000	0         	0.826000	0.350803  	0.826000	0.0129366 	0.826000	0.350803  	
0.826500	0         	0.826500	0.350797  	0.826500	0.0129424 	0.826500	0.350797  	
0.827000	0         	0.827000	0.350791  	0.827000	0.0129482 	0.827000	0.350791  	
0.827500	0         	0.827500	0.350786  	0.827500	0.0129539 	0.827500	0.350786  	
0.828000	0         	0.828000	0.35078   	0.828000	0.0129597 	0.828000	0.35078   	
0.828500	0         	0.828500	0.350774  	0.828500	0.0129654 	0.828500	0.350774  	
0.829000	0         	0.829000	0.350768  	0.829000	0.0129711 	0.829000	0.350768  	
0.829500	0         	0.829500	0.350763  	0.829500	0.0129768 	0.829500	0.350763  	
0.830000	0         	0.830000	0.350757  	0.830000	0.0129825 	0.830000	0.350757  	
0.830500	0         	0.830500	0.350751  	0.830500	0.0129882 	0.830500	0.350751  	
0.831000	0         	0.831000	0.350746  	0.831000	0.0129938 	0.831000	0.350746  	
0.831500	0         	0.831500	0.35074   	0.831500	0.0129994 	0.831500	0.35074   	
0.832000	0         	0.832000	0.350735  	0.832000	0.013005  	0.832000	0.350735  	
0.832500	0         	0.832500	0.350729  	0.832500	0.0130105 	0.832500	0.350729  	
0.833000	0         	0.833000	0.350724  	0.833000	0.0130161 	0.833000	0.350724  	
0.833500	0         	0.833500	0.350718  	0.833500	0.0130216 	0.833500	0.350718  	
0.834000	0         	0.834000	0.350712  	0.834000	0.0130271 	0.834000	0.350712  	
0.834500	0         	0.834500	0.350707  	0.834500	0.0130326 	0.834500	0.350707  	
0.835000	0         	0.835000	0.350702  	0.835000	0.0130381 	0.835000	0.350702  	
0.835500	0         	0.835500	0.350696  	0.835500	0.0130435 	0.835500	0.350696  	
0.836000	0         	0.836000	0.350691  	0.836000	0.0130489 	0.836000	0.350691  	
0.836500	0         	0.836500	0.350685  	0.836500	0.0130543 	0.836500	0.350685  	
0.837000	0         	0.837000	0.35068   	0.837000	0.0130597 	0.837000	0.35068   	
0.837500	0         	0.837500	0.350675  	0.837500	0.013065  	0.837500	0.350675  	
0.838000	0         	0.838000	0.350669  	0.838000	0.0130704 	0.838000	0.350669  	
0.838500	0         	0.838500	0.350664  	0.838500	0.0130756 	0.838500	0.350664  	
0.839000	0         	0.839000	0.350659  	0.839000	0.0130809 	0.839000	0.350659  	
0.839500	0         	0.839500	0.350653  	0.839500	0.0130862 	0.839500	0.350653  	
0.840000	0         	0.840000	0.350648  	0.840000	0.0130914 	0.840000	0.350648  	
0.840500	0         	0.840500	0.350643  	0.840500	0.0130966 	0.840500	0.350643  	
0.841000	0         	0.841000	0.350638  	0.841000	0.0131017 	0.841000	0.350638  	
0.841500	0         	0.841500	0.350633  	0.841500	0.0131069 	0.841500	0.350633  	
0.842000	0         	0.842000	0.350628  	0.842000	0.013112  	0.842000	0.350628  	
0.842500	0         	0.842500	0.350623  	0.842500	0.013117  	0.842500	0.350623  	
0.843000	0         	0.843000	0.350618  	0.843000	0.0131221 	0.843000	0.350618  	
0.843500	0         	0.843500	0.350613  	0.843500	0.0131271 	0.843500	0.350613  	
0.844000	0         	0.844000	0.350608  	0.844000	0.0131321 	0.844000	0.350608  	
0.844500	0         	0.844500	0.350603  	0.844500	0.013137  	0.844500	0.350603  	
0.845000	0         	0.845000	0.350598  	0.845000	0.0131419 	0.845000	0.350598  	
0.845500	0         	0.845500	0.350593  	0.845500	0.0131467 	0.845500	0.350593  	
0.846000	0         	0.846000	0.350588  	0.846000	0.0131516 	0.846000	0.350588  	
0.846500	0         	0.846500	0.350583  	0.846500	0.0131564 	0.846500	0.350583  	
0.847000	0         	0.847000	0.350578  	0.847000	0.0131611 	0.847000	0.350578  	
0.847500	0         	0.847500	0.350574  	0.847500	0.0131658 	0.847500	0.350574  	
0.848000	0         	0.848000	0.350569  	0.848000	0.0131705 	0.848000	0.350569  	
0.848500	0         	0.848500	0.350565  	0.848500	0.0131751 	0.848500	0.350565  	
0.849000	0         	0.849000	0.35056   	0.849000	0.0131797 	0.849000	0.35056   	
0.849500	1.66887e-08	0.849500	0.350555  	0.849500	0.0131842 	0.849500	0.350555  	
0.850000	3.07034e-07	0.850000	0.350551  	0.850000	0.0131887 	0.850000	0.350551  	
0.850500	3.52116e-06	0.850500	0.350543  	0.850500	0.0131931 	0.850500	0.350547  	
0.851000	1.26648e-05	0.851000	0.350529  	0.851000	0.0131975 	0.851000	0.350542  	
0.851500	2.24259e-05	0.851500	0.350515  	0.851500	0.0132019 	0.851500	0.350538  	
0.852000	2.47298e-05	0.852000	0.350508  	0.852000	0.0132068 	0.852000	0.350533  	
0.852500	3.24827e-05	0.852500	0.350493  	0.852500	0.0132145 	0.852500	0.350525  	
0.853000	4.41703e-05	0.853000	0.350469  	0.853000	0.0132266 	0.853000	0.350513  	
0.853500	5.76311e-05	0.853500	0.350441  	0.853500	0.0132411 	0.853500	0.350498  	
0.854000	7.55475e-05	0.854000	0.350406  	0.854000	0.0132577 	0.854000	0.350482  	
0.854500	9.93786e-05	0.854500	0.350361  	0.854500	0.0132789 	0.854500	0.350461  	
0.855000	0.000129808	0.855000	0.350304  	0.855000	0.0133055 	0.855000	0.350434  	
0.855500	0.000168383	0.855500	0.350232  	0.855500	0.013339  	0.855500	0.350401  	
0.856000	0.00021674	0.856000	0.350141  	0.856000	0.0133816 	0.856000	0.350358  	
0.856500	0.000276846	0.856500	0.350027  	0.856500	0.0134358 	0.856500	0.350304  	
0.857000	0.000351093	0.857000	0.349884  	0.857000	0.0135046 	0.857000	0.350235  	
0.857500	0.00044198	0.857500	0.349706  	0.857500	0.0135916 	0.857500	0.350148  	
0.858000	0.000552002	0.858000	0.349487  	0.858000	0.0137007 	0.858000	0.350039  	
0.858500	0.000684144	0.858500	0.349219  	0.858500	0.0138368 	0.858500	0.349903  	
0.859000	0.000841822	0.859000	0.348892  	0.859000	0.0140059 	0.859000	0.349734  	
0.859500	0.00102775	0.859500	0.348498  	0.859500	0.0142138 	0.859500	0.349526  	
0.860000	0.00124507	0.860000	0.348027  	0.860000	0.0144676 	0.860000	0.349272  	
0.860500	0.00149789	0.860500	0.347466  	0.860500	0.0147761 	0.860500	0.348963  	
0.861000	0.00178946	0.861000	0.346802  	0.861000	0.0151479 	0.861000	0.348592  	
0.861500	0.00212182	0.861500	0.346027  	0.861500	0.0155903 	0.861500	0.348149  	
0.862000	0.00249823	0.862000	0.345127  	0.862000	0.0161144 	0.862000	0.347625  	
0.862500	0.00292251	0.862500	0.344086  	0.862500	0.0167313 	0.862500	0.347008  	
0.863000	0.00339508	0.863000	0.342897  	0.863000	0.0174476 	0.863000	0.346292  	
0.863500	0.00391788	0.863500	0.341548  	0.863500	0.0182735 	0.863500	0.345466  	
0.864000	0.00449368	0.864000	0.340024  	0.864000	0.0192223 	0.864000	0.344517  	
0.864500	0.00512204	0.864500	0.338317  	0.864500	0.020301  	0.864500	0.343439  	
0.865000	0.00580376	0.865000	0.336418  	0.865000	0.0215177 	0.865000	0.342222  	
0.865500	0.00653741	0.865500	0.334324  	0.865500	0.0228784 	0.865500	0.340861  	
0.866000	0.0073223 	0.866000	0.33203   	0.866000	0.0243868 	0.866000	0.339353  	
0.866500	0.00815409	0.866500	0.329548  	0.866500	0.0260375 	0.866500	0.337702  	
0.867000	0.00903257	0.867000	0.326874  	0.867000	0.0278333 	0.867000	0.335906  	
0.867500	0.00995203	0.867500	0.324027  	0.867500	0.029761  	0.867500	0.333979  	
0.868000	0.010909  	0.868000	0.321027  	0.868000	0.0318033 	0.868000	0.331936  	
0.868500	0.0119003 	0.868500	0.317902  	0.868500	0.0339372 	0.868500	0.329802  	
0.869000	0.0129192 	0.869000	0.314683  	0.869000	0.0361375 	0.869000	0.327602  	
0.869500	0.0139652 	0.869500	0.311412  	0.869500	0.038362  	0.869500	0.325378  	
0.870000	0.015033  	0.870000	0.308143  	0.870000	0.0405638 	0.870000	0.323176  	
0.870500	0.0161274 	0.870500	0.3049    	0.870500	0.0427123 	0.870500	0.321027  	
0.871000	0.0172543 	0.871000	0.301698  	0.871000	0.0447872 	0.871000	0.318952  	
0.871500	0.0184208 	0.871500	0.298563  	0.871500	0.0467558 	0.871500	0.316984  	
0.872000	0.0196379 	0.872000	0.295532  	0.872000	0.0485698 	0.872000	0.31517   	
0.872500	0.020903  	0.872500	0.292663  	0.872500	0.0501732 	0.872500	0.313566  	
0.873000	0.0222113 	0.873000	0.289886  	0.873000	0.0516426 	0.873000	0.312097  	
0.873500	0.0235665 	0.873500	0.287389  	0.873500	0.0527841 	0.873500	0.310956  	
0.874000	0.024997  	0.874000	0.285358  	0.874000	0.0533851 	0.874000	0.310354  	
0.874500	0.0265245 	0.874500	0.283833  	0.874500	0.0533817 	0.874500	0.310358  	
0.875000	0.0281747 	0.875000	0.282715  	0.875000	0.0528501 	0.875000	0.31089   	
0.875500	0.0300017 	0.875500	0.281867  	0.875500	0.0518709 	0.875500	0.311869  	
0.876000	0.0320612 	0.876000	0.281009  	0.876000	0.0506696 	0.876000	0.31307   	
0.876500	0.0344335 	0.876500	0.279876  	0.876500	0.0494303 	0.876500	0.314309  	
0.877000	0.0371779 	0.877000	0.278251  	0.877000	0.0483107 	0.877000	0.315429  	
0.877500	0.0403262 	0.877500	0.276022  	0.877500	0.0473912 	0.877500	0.316348  	
0.878000	0.0439039 	0.878000	0.273271  	0.878000	0.0465644 	0.878000	0.317175  	
0.878500	0.0479557 	0.878500	0.269765  	0.878500	0.0460187 	0.878500	0.317721  	
0.879000	0.0523279 	0.879000	0.265402  	0.879000	0.0460095 	0.879000	0.31773   	
0.879500	0.057007  	0.879500	0.259216  	0.879500	0.0475164 	0.879500	0.316223  	
0.880000	0.0602905 	0.880000	0.251749  	0.880000	0.0517003 	0.880000	0.312039  	
0.880500	0.0643343 	0.880500	0.242003  	0.880500	0.057402  	0.880500	0.306338  	
0.881000	0.0681113 	0.881000	0.230345  	0.881000	0.0652835 	0.881000	0.298456  	
0.881500	0.0706937 	0.881500	0.216088  	0.881500	0.0769581 	0.881500	0.286782  	
0.882000	0.0727683 	0.882000	0.199886  	0.882000	0.0910849 	0.882000	0.272655  	
0.882500	0.0746074 	0.882500	0.181767  	0.882500	0.107365  	0.882500	0.256374  	
0.883000	0.0756994 	0.883000	0.162191  	0.883000	0.125849  	0.883000	0.237891  	
0.883500	0.076428  	0.883500	0.141644  	0.883500	0.145667  	0.883500	0.218072  	
0.884000	0.0763964 	0.884000	0.120888  	0.884000	0.166455  	0.884000	0.197285  	
0.884500	0.0757174 	0.884500	0.100445  	0.884500	0.187577  	0.884500	0.176163  	
0.885000	0.0908036 	0.885000	0.0203962 	0.885000	0.25254   	0.885000	0.1112    	
0.885500	0.0873862 	0.885500	0.00357102	0.885500	0.272782  	0.885500	0.0909572 	
0.886000	0.0778267 	0.886000	0.000991911	0.886000	0.284921  	0.886000	0.0788186 	
0.886500	0.0617492 	0.886500	0         	0.886500	0.30199   	0.886500	0.0617492 	
0.887000	0.0465608 	0.887000	0         	0.887000	0.317179  	0.887000	0.0465608 	
0.887500	0.023507  	0.887500	0         	0.887500	0.340233  	0.887500	0.023507  	
0.888000	0.0117762 	0.888000	0         	0.888000	0.351963  	0.888000	0.0117762 	
0.888500	0.0101476 	0.888500	0         	0.888500	0.353592  	0.888500	0.0101476 	
0.889000	3.72653e-07	0.889000	0         	0.889000	0.363739  	0.889000	3.72653e-07	
0.889500	0.00166757	0.889500	0         	0.889500	0.362072  	0.889500	0.00166757	
0.890000	0.000757908	0.890000	0         	0.890000	0.362982  	0.890000	0.000757908	
0.890500	0.000380691	0.890500	0         	0.890500	0.363359  	0.890500	0.000380691	
0.891000	2.24008e-16	0.891000	0         	0.891000	0.36374   	0.891000	2.24008e-16	
0.891500	9.17191e-18	0.891500	0         	0.891500	0.36374   	0.891500	9.17191e-18	
0.892000	0         	0.892000	0         	0.892000	0.36374   	0.892000	0         	
0.892500	0         	0.892500	0         	0.892500	0.36374   	0.892500	0         	
0.893000	0         	0.893000	0         	0.893000	0.36374   	0.893000	0         	
0.893500	0         	0.893500	0         	0.893500	0.36374   	0.893500	0         	
0.894000	0         	0.894000	0         	0.894000	0.36374   	0.894000	0         	
0.894500	0         	0.894500	0         	0.894500	0.36374   	0.894500	0         	
0.895000	0         	0.895000	0         	0.895000	0.36374   	0.895000	0         	
0.895500	0         	0.895500	0         	0.895500	0.36374   	0.895500	0         	
0.896000	0         	0.896000	0         	0.896000	0.36374   	0.896000	0         	
0.896500	0         	0.896500	0         	0.896500	0.36374   	0.896500	0         	
0.897000	0         	0.897000	0         	0.897000	0.36374   	0.897000	0         	
0.897500	0         	0.897500	0         	0.897500	0.36374   	0.897500	0         	
0.898000	0         	0.898000	0         	0.898000	0.36374   	0.898000	0         	
0.898500	0         	0.898500	0         	0.898500	0.36374   	0.898500	0         	
0.899000	0         	0.899000	0         	0.899000	0.36374   	0.899000	0         	
0.899500	0         	0.899500	0         	0.899500	0.36374   	0.899500	0         	
0.900000	0         	0.900000	0         	0.900000	0.36374   	0.900000	0         	
0.900500	0         	0.900500	0         	0.900500	0.36374   	0.900500	0         	
0.901000	0         	0.901000	0         	0.901000	0.36374   	0.901000	0         	
0.901500	0         	0.901500	0         	0.901500	0.36374   	0.901500	0         	
0.902000	0         	0.902000	0         	0.902000	0.36374   	0.902000	0         	
0.902500	0         	0.902500	0         	0.902500	0.36374   	0.902500	0         	
0.903000	0         	0.903000	0         	0.903000	0.36374   	0.903000	0         	
0.903500	0         	0.903500	0         	0.903500	0.36374   	0.903500	0         	
0.904000	0         	0.904000	0         	0.904000	0.36374   	0.904000	0         	
0.904500	0         	0.904500	0         	0.904500	0.36374   	0.904500	0         	
0.905000	0         	0.905000	0         	0.905000	0.36374   	0.905000	0         	
0.905500	0         	0.905500	0         	0.905500	0.36374   	0.905500	0         	
0.906000	0         	0.906000	0         	0.906000	0.36374   	0.906000	0         	
0.906500	0         	0.906500	0         	0.906500	0.36374   	0.906500	0         	
0.907000	0         	0.907000	0         	0.907000	0.36374   	0.907000	0         	
0.907500	0         	0.907500	0         	0.907500	0.36374   	0.907500	0         	
0.908000	0         	0.908000	0         	0.908000	0.36374   	0.908000	0         	
0.908500	0         	0.908500	0         	0.908500	0.36374   	0.908500	0         	
0.909000	0         	0.909000	0         	0.909000	0.36374   	0.909000	0         	
0.909500	0         	0.909500	0         	0.909500	0.36374   	0.909500	0         	
0.910000	0         	0.910000	0         	0.910000	0.36374   	0.910000	0         	
0.910500	0         	0.910500	0         	0.910500	0.36374   	0.910500	0         	
0.911000	0         	0.911000	0         	0.911000	0.36374   	0.911000	0         	
0.911500	0         	0.911500	0         	0.911500	0.36374   	0.911500	0         	
0.912000	0         	0.912000	0         	0.912000	0.36374   	0.912000	0         	
0.912500	0         	0.912500	0         	0.912500	0.36374   	0.912500	0         	
0.913000	0         	0.913000	0         	0.913000	0.36374   	0.913000	0         	
0.913500	0         	0.913500	0         	0.913500	0.36374   	0.913500	0         	
0.914000	0         	0.914000	0         	0.914000	0.36374   	0.914000	0         	
0.914500	0         	0.914500	0         	0.914500	0.36374   	0.914500	0         	
0.915000	0         	0.915000	0         	0.915000	0.36374   	0.915000	0         	
0.915500	0         	0.915500	0         	0.915500	0.36374   	0.915500	0         	
0.916000	0         	0.916000	0         	0.916000	0.36374   	0.916000	0         	
0.916500	0         	0.916500	0         	0.916500	0.36374   	0.916500	0         	
0.917000	0         	0.917000	0         	0.917000	0.36374   	0.917000	0         	
0.917500	0         	0.917500	0         	0.917500	0.36374   	0.917500	0         	
0.918000	0         	0.918000	0         	0.918000	0.36374   	0.918000	0         	
0.918500	0         	0.918500	0         	0.918500	0.36374   	0.918500	0         	
0.919000	0         	0.919000	0         	0.919000	0.36374   	0.919000	0         	
0.919500	0         	0.919500	0         	0.919500	0.36374   	0.919500	0         	
0.920000	0         	0.920000	0         	0.920000	0.36374   	0.920000	0         	
0.920500	0         	0.920500	0         	0.920500	0.36374   	0.920500	0         	
0.921000	0         	0.921000	0         	0.921000	0.36374   	0.921000	0         	
0.921500	0         	0.921500	0         	0.921500	0.36374   	0.921500	0         	
0.922000	0         	0.922000	0         	0.922000	0.36374   	0.922000	0         	
0.922500	0         	0.922500	0         	0.922500	0.36374   	0.922500	0         	
0.923000	0         	0.923000	0         	0.923000	0.36374   	0.923000	0         	
0.923500	0         	0.923500	0         	0.923500	0.36374   	0.923500	0         	
0.924000	0         	0.924000	0         	0.924000	0.36374   	0.924000	0         	
0.924500	0         	0.924500	0         	0.924500	0.36374   	0.924500	0         	
0.925000	0         	0.925000	0         	0.925000	0.36374   	0.925000	0         	
0.925500	0         	0.925500	0         	0.925500	0.36374   	0.925500	0         	
0.926000	0         	0.926000	0         	0.926000	0.36374   	0.926000	0         	
0.926500	0         	0.926500	0         	0.926500	0.36374   	0.926500	0         	
0.927000	0         	0.927000	0         	0.927000	0.36374   	0.927000	0         	
0.927500	0         	0.927500	0         	0.927500	0.36374   	0.927500	0         	
0.928000	0         	0.928000	0         	0.928000	0.36374   	0.928000	0         	
0.928500	0         	0.928500	0         	0.928500	0.36374   	0.928500	0         	
0.929000	0         	0.929000	0         	0.929000	0.36374   	0.929000	0         	
0.929500	0         	0.929500	0         	0.929500	0.36374   	0.929500	0         	
0.930000	0         	0.930000	0         	0.930000	0.36374   	0.930000	0         	
0.930500	0         	0.930500	0         	0.930500	0.36374   	0.930500	0         	
0.931000	0         	0.931000	0         	0.931000	0.36374   	0.931000	0         	
0.931500	0         	0.931500	0         	0.931500	0.36374   	0.931500	0         	
0.932000	0         	0.932000	0         	0.932000	0.36374   	0.932000	0         	
0.932500	0         	0.932500	0         	0.932500	0.36374   	0.932500	0         	
0.933000	0         	0.933000	0         	0.933000	0.36374   	0.933000	0         	
0.933500	0         	0.933500	0         	0.933500	0.36374   	0.933500	0         	
0.934000	0         	0.934000	0         	0.934000	0.36374   	0.934000	0         	
0.934500	0         	0.934500	0         	0.934500	0.36374   	0.934500	0         	
0.935000	0         	0.935000	0         	0.935000	0.36374   	0.935000	0         	
0.935500	0         	0.935500	0         	0.935500	0.36374   	0.935500	0         	
0.936000	0         	0.936000	0         	0.936000	0.36374   	0.936000	0         	
0.936500	0         	0.936500	0         	0.936500	0.36374   	0.936500	0         	
0.937000	0         	0.937000	0         	0.937000	0.36374   	0.937000	0         	
0.937500	0         	0.937500	0         	0.937500	0.36374   	0.937500	0         	
0.938000	0         	0.938000	0         	0.938000	0.36374   	0.938000	0         	
0.938500	0         	0.938500	0         	0.938500	0.36374   	0.938500	0         	
0.939000	0         	0.939000	0         	0.939000	0.36374   	0.939000	0         	
0.939500	0         	0.939500	0         	0.939500	0.36374   	0.939500	0         	
0.940000	0         	0.940000	0         	0.940000	0.36374   	0.940000	0         	
0.940500	0         	0.940500	0         	0.940500	0.36374   	0.940500	0         	
0.941000	0         	0.941000	0         	0.941000	0.36374   	0.941000	0         	
0.941500	0         	0.941500	0         	0.941500	0.36374   	0.941500	0         	
0.942000	0         	0.942000	0         	0.942000	0.36374   	0.942000	0         	
0.942500	0         	0.942500	0         	0.942500	0.36374   	0.942500	0         	
0.943000	0         	0.943000	0         	0.943000	0.36374   	0.943000	0         	
0.943500	0         	0.943500	0         	0.943500	0.36374   	0.943500	0         	
0.944000	0         	0.944000	0         	0.944000	0.36374   	0.944000	0         	
0.944500	0         	0.944500	0         	0.944500	0.36374   	0.944500	0         	
0.945000	0         	0.945000	0         	0.945000	0.36374   	0.945000	0         	
0.945500	0         	0.945500	0         	0.945500	0.36374   	0.945500	0         	
0.946000	0         	0.946000	0         	0.946000	0.36374   	0.946000	0         	
0.946500	0         	0.946500	0         	0.946500	0.36374   	0.946500	0         	
0.947000	0         	0.947000	0         	0.947000	0.36374   	0.947000	0         	
0.947500	0         	0.947500	0         	0.947500	0.36374   	0.947500	0         	
0.948000	0         	0.948000	0         	0.948000	0.36374   	0.948000	0         	
0.948500	0         	0.948500	0         	0.948500	0.36374   	0.948500	0         	
0.949000	0         	0.949000	0         	0.949000	0.36374   	0.949000	0         	
0.949500	0         	0.949500	0         	0.949500	0.36374   	0.949500	0         	
0.950000	0         	0.950000	0         	0.950000	0.36374   	0.950000	0         	
0.950500	0         	0.950500	0         	0.950500	0.36374   	0.950500	0         	
0.951000	0         	0.951000	0         	0.951000	0.36374   	0.951000	0         	
0.951500	0         	0.951500	0         	0.951500	0.36374   	0.951500	0         	
0.952000	0         	0.952000	0         	0.952000	0.36374   	0.952000	0         	
0.952500	0         	0.952500	0         	0.952500	0.36374   	0.952500	0         	
0.953000	0         	0.953000	0         	0.953000	0.36374   	0.953000	0         	
0.953500	0         	0.953500	0         	0.953500	0.36374   	0.953500	0         	
0.954000	0         	0.954000	0         	0.954000	0.36374   	0.954000	0         	
0.954500	0         	0.954500	0         	0.954500	0.36374   	0.954500	0         	
0.955000	0         	0.955000	0         	0.955000	0.36374   	0.955000	0         	
0.955500	0         	0.955500	0         	0.955500	0.36374   	0.955500	0         	
0.956000	0         	0.956000	0         	0.956000	0.36374   	0.956000	0         	
0.956500	0         	0.956500	0         	0.956500	0.36374   	0.956500	0         	
0.957000	0         	0.957000	0         	0.957000	0.36374   	0.957000	0         	
0.957500	0         	0.957500	0         	0.957500	0.36374   	0.957500	0         	
0.958000	0         	0.958000	0         	0.958000	0.36374   	0.958000	0         	
0.958500	0         	0.958500	0         	0.958500	0.36374   	0.958500	0         	
0.959000	0         	0.959000	0         	0.959000	0.36374   	0.959000	0         	
0.959500	0         	0.959500	0         	0.959500	0.36374   	0.959500	0         	
0.960000	0         	0.960000	0         	0.960000	0.36374   	0.960000	0         	
