Thickness of SUS flat deg [mm]1	(B-C) stopped in THIS detector	Thickness of SUS flat deg [mm]2	(C)   yield after THIS detector 	Thickness of SUS flat deg [mm]3	(A-B) stopped before THIS detector	Thickness of SUS flat deg [mm]4	(B)   yield before THIS detector	
0.660000	0         	0.660000	51.7616   	0.660000	1.58058   	0.660000	51.7616   	
0.660500	0         	0.660500	51.7606   	0.660500	1.58161   	0.660500	51.7606   	
0.661000	0         	0.661000	51.7596   	0.661000	1.58264   	0.661000	51.7596   	
0.661500	0         	0.661500	51.7585   	0.661500	1.58367   	0.661500	51.7585   	
0.662000	0         	0.662000	51.7575   	0.662000	1.5847    	0.662000	51.7575   	
0.662500	0         	0.662500	51.7565   	0.662500	1.58572   	0.662500	51.7565   	
0.663000	0         	0.663000	51.7554   	0.663000	1.58675   	0.663000	51.7554   	
0.663500	0         	0.663500	51.7544   	0.663500	1.58778   	0.663500	51.7544   	
0.664000	0         	0.664000	51.7534   	0.664000	1.5888    	0.664000	51.7534   	
0.664500	0         	0.664500	51.7524   	0.664500	1.58983   	0.664500	51.7524   	
0.665000	0         	0.665000	51.7513   	0.665000	1.59085   	0.665000	51.7513   	
0.665500	0         	0.665500	51.7503   	0.665500	1.59188   	0.665500	51.7503   	
0.666000	0         	0.666000	51.7493   	0.666000	1.5929    	0.666000	51.7493   	
0.666500	0         	0.666500	51.7483   	0.666500	1.59392   	0.666500	51.7483   	
0.667000	0         	0.667000	51.7472   	0.667000	1.59495   	0.667000	51.7472   	
0.667500	0         	0.667500	51.7462   	0.667500	1.59597   	0.667500	51.7462   	
0.668000	0         	0.668000	51.7452   	0.668000	1.597     	0.668000	51.7452   	
0.668500	0         	0.668500	51.7442   	0.668500	1.59802   	0.668500	51.7442   	
0.669000	0         	0.669000	51.7432   	0.669000	1.59904   	0.669000	51.7432   	
0.669500	0         	0.669500	51.7421   	0.669500	1.60006   	0.669500	51.7421   	
0.670000	0         	0.670000	51.7411   	0.670000	1.60109   	0.670000	51.7411   	
0.670500	0         	0.670500	51.7401   	0.670500	1.60211   	0.670500	51.7401   	
0.671000	0         	0.671000	51.7391   	0.671000	1.60313   	0.671000	51.7391   	
0.671500	0         	0.671500	51.738    	0.671500	1.60415   	0.671500	51.738    	
0.672000	0         	0.672000	51.737    	0.672000	1.60517   	0.672000	51.737    	
0.672500	0         	0.672500	51.736    	0.672500	1.60619   	0.672500	51.736    	
0.673000	0         	0.673000	51.735    	0.673000	1.60721   	0.673000	51.735    	
0.673500	0         	0.673500	51.734    	0.673500	1.60824   	0.673500	51.734    	
0.674000	0         	0.674000	51.7329   	0.674000	1.60926   	0.674000	51.7329   	
0.674500	0         	0.674500	51.7319   	0.674500	1.61027   	0.674500	51.7319   	
0.675000	0         	0.675000	51.7309   	0.675000	1.61129   	0.675000	51.7309   	
0.675500	0         	0.675500	51.7299   	0.675500	1.61231   	0.675500	51.7299   	
0.676000	0         	0.676000	51.7289   	0.676000	1.61333   	0.676000	51.7289   	
0.676500	0         	0.676500	51.7278   	0.676500	1.61435   	0.676500	51.7278   	
0.677000	0         	0.677000	51.7268   	0.677000	1.61537   	0.677000	51.7268   	
0.677500	0         	0.677500	51.7258   	0.677500	1.61639   	0.677500	51.7258   	
0.678000	0         	0.678000	51.7248   	0.678000	1.6174    	0.678000	51.7248   	
0.678500	0         	0.678500	51.7238   	0.678500	1.61842   	0.678500	51.7238   	
0.679000	0         	0.679000	51.7228   	0.679000	1.61944   	0.679000	51.7228   	
0.679500	0         	0.679500	51.7217   	0.679500	1.62046   	0.679500	51.7217   	
0.680000	0         	0.680000	51.7207   	0.680000	1.62147   	0.680000	51.7207   	
0.680500	0         	0.680500	51.7197   	0.680500	1.62249   	0.680500	51.7197   	
0.681000	0         	0.681000	51.7187   	0.681000	1.6235    	0.681000	51.7187   	
0.681500	0         	0.681500	51.7177   	0.681500	1.62452   	0.681500	51.7177   	
0.682000	0         	0.682000	51.7167   	0.682000	1.62553   	0.682000	51.7167   	
0.682500	0         	0.682500	51.7157   	0.682500	1.62655   	0.682500	51.7157   	
0.683000	0         	0.683000	51.7146   	0.683000	1.62756   	0.683000	51.7146   	
0.683500	0         	0.683500	51.7136   	0.683500	1.62857   	0.683500	51.7136   	
0.684000	0         	0.684000	51.7126   	0.684000	1.62959   	0.684000	51.7126   	
0.684500	0         	0.684500	51.7116   	0.684500	1.6306    	0.684500	51.7116   	
0.685000	0         	0.685000	51.7106   	0.685000	1.63161   	0.685000	51.7106   	
0.685500	0         	0.685500	51.7096   	0.685500	1.63263   	0.685500	51.7096   	
0.686000	0         	0.686000	51.7086   	0.686000	1.63364   	0.686000	51.7086   	
0.686500	0         	0.686500	51.7075   	0.686500	1.63465   	0.686500	51.7075   	
0.687000	0         	0.687000	51.7065   	0.687000	1.63566   	0.687000	51.7065   	
0.687500	0         	0.687500	51.7055   	0.687500	1.63667   	0.687500	51.7055   	
0.688000	0         	0.688000	51.7045   	0.688000	1.63768   	0.688000	51.7045   	
0.688500	0         	0.688500	51.7035   	0.688500	1.63869   	0.688500	51.7035   	
0.689000	0         	0.689000	51.7025   	0.689000	1.6397    	0.689000	51.7025   	
0.689500	0         	0.689500	51.7015   	0.689500	1.64071   	0.689500	51.7015   	
0.690000	0         	0.690000	51.7005   	0.690000	1.64172   	0.690000	51.7005   	
0.690500	0         	0.690500	51.6995   	0.690500	1.64273   	0.690500	51.6995   	
0.691000	0         	0.691000	51.6985   	0.691000	1.64374   	0.691000	51.6985   	
0.691500	0         	0.691500	51.6975   	0.691500	1.64474   	0.691500	51.6975   	
0.692000	0         	0.692000	51.6964   	0.692000	1.64575   	0.692000	51.6964   	
0.692500	0         	0.692500	51.6954   	0.692500	1.64676   	0.692500	51.6954   	
0.693000	0         	0.693000	51.6944   	0.693000	1.64776   	0.693000	51.6944   	
0.693500	0         	0.693500	51.6934   	0.693500	1.64877   	0.693500	51.6934   	
0.694000	0         	0.694000	51.6924   	0.694000	1.64977   	0.694000	51.6924   	
0.694500	0         	0.694500	51.6914   	0.694500	1.65078   	0.694500	51.6914   	
0.695000	0         	0.695000	51.6904   	0.695000	1.65178   	0.695000	51.6904   	
0.695500	0         	0.695500	51.6894   	0.695500	1.65279   	0.695500	51.6894   	
0.696000	0         	0.696000	51.6884   	0.696000	1.65379   	0.696000	51.6884   	
0.696500	0         	0.696500	51.6874   	0.696500	1.65479   	0.696500	51.6874   	
0.697000	0         	0.697000	51.6864   	0.697000	1.65579   	0.697000	51.6864   	
0.697500	0         	0.697500	51.6854   	0.697500	1.65679   	0.697500	51.6854   	
0.698000	0         	0.698000	51.6844   	0.698000	1.65779   	0.698000	51.6844   	
0.698500	0         	0.698500	51.6834   	0.698500	1.65879   	0.698500	51.6834   	
0.699000	0         	0.699000	51.6824   	0.699000	1.65979   	0.699000	51.6824   	
0.699500	0         	0.699500	51.6814   	0.699500	1.66079   	0.699500	51.6814   	
0.700000	0         	0.700000	51.6804   	0.700000	1.66179   	0.700000	51.6804   	
0.700500	0         	0.700500	51.6794   	0.700500	1.66279   	0.700500	51.6794   	
0.701000	0         	0.701000	51.6784   	0.701000	1.66378   	0.701000	51.6784   	
0.701500	0         	0.701500	51.6774   	0.701500	1.66478   	0.701500	51.6774   	
0.702000	0         	0.702000	51.6764   	0.702000	1.66578   	0.702000	51.6764   	
0.702500	0         	0.702500	51.6754   	0.702500	1.66677   	0.702500	51.6754   	
0.703000	0         	0.703000	51.6744   	0.703000	1.66777   	0.703000	51.6744   	
0.703500	0         	0.703500	51.6734   	0.703500	1.66876   	0.703500	51.6734   	
0.704000	0         	0.704000	51.6724   	0.704000	1.66976   	0.704000	51.6724   	
0.704500	0         	0.704500	51.6714   	0.704500	1.67075   	0.704500	51.6714   	
0.705000	0         	0.705000	51.6705   	0.705000	1.67174   	0.705000	51.6705   	
0.705500	0         	0.705500	51.6695   	0.705500	1.67274   	0.705500	51.6695   	
0.706000	0         	0.706000	51.6685   	0.706000	1.67373   	0.706000	51.6685   	
0.706500	0         	0.706500	51.6675   	0.706500	1.67472   	0.706500	51.6675   	
0.707000	0         	0.707000	51.6665   	0.707000	1.67571   	0.707000	51.6665   	
0.707500	0         	0.707500	51.6655   	0.707500	1.6767    	0.707500	51.6655   	
0.708000	0         	0.708000	51.6645   	0.708000	1.67769   	0.708000	51.6645   	
0.708500	0         	0.708500	51.6635   	0.708500	1.67868   	0.708500	51.6635   	
0.709000	0         	0.709000	51.6625   	0.709000	1.67967   	0.709000	51.6625   	
0.709500	0         	0.709500	51.6615   	0.709500	1.68066   	0.709500	51.6615   	
0.710000	0         	0.710000	51.6605   	0.710000	1.68165   	0.710000	51.6605   	
0.710500	0         	0.710500	51.6596   	0.710500	1.68264   	0.710500	51.6596   	
0.711000	0         	0.711000	51.6586   	0.711000	1.68363   	0.711000	51.6586   	
0.711500	0         	0.711500	51.6576   	0.711500	1.68461   	0.711500	51.6576   	
0.712000	0         	0.712000	51.6566   	0.712000	1.6856    	0.712000	51.6566   	
0.712500	0         	0.712500	51.6556   	0.712500	1.68659   	0.712500	51.6556   	
0.713000	0         	0.713000	51.6546   	0.713000	1.68757   	0.713000	51.6546   	
0.713500	0         	0.713500	51.6536   	0.713500	1.68856   	0.713500	51.6536   	
0.714000	0         	0.714000	51.6527   	0.714000	1.68954   	0.714000	51.6527   	
0.714500	0         	0.714500	51.6517   	0.714500	1.69052   	0.714500	51.6517   	
0.715000	0         	0.715000	51.6507   	0.715000	1.69151   	0.715000	51.6507   	
0.715500	0         	0.715500	51.6497   	0.715500	1.69249   	0.715500	51.6497   	
0.716000	0         	0.716000	51.6487   	0.716000	1.69347   	0.716000	51.6487   	
0.716500	0         	0.716500	51.6477   	0.716500	1.69445   	0.716500	51.6477   	
0.717000	0         	0.717000	51.6468   	0.717000	1.69543   	0.717000	51.6468   	
0.717500	0         	0.717500	51.6458   	0.717500	1.69641   	0.717500	51.6458   	
0.718000	0         	0.718000	51.6448   	0.718000	1.69739   	0.718000	51.6448   	
0.718500	0         	0.718500	51.6438   	0.718500	1.69837   	0.718500	51.6438   	
0.719000	0         	0.719000	51.6428   	0.719000	1.69935   	0.719000	51.6428   	
0.719500	0         	0.719500	51.6419   	0.719500	1.70033   	0.719500	51.6419   	
0.720000	0         	0.720000	51.6409   	0.720000	1.70131   	0.720000	51.6409   	
0.720500	0         	0.720500	51.6399   	0.720500	1.70228   	0.720500	51.6399   	
0.721000	0         	0.721000	51.6389   	0.721000	1.70326   	0.721000	51.6389   	
0.721500	0         	0.721500	51.638    	0.721500	1.70423   	0.721500	51.638    	
0.722000	0         	0.722000	51.637    	0.722000	1.70521   	0.722000	51.637    	
0.722500	0         	0.722500	51.636    	0.722500	1.70618   	0.722500	51.636    	
0.723000	0         	0.723000	51.635    	0.723000	1.70716   	0.723000	51.635    	
0.723500	0         	0.723500	51.6341   	0.723500	1.70813   	0.723500	51.6341   	
0.724000	0         	0.724000	51.6331   	0.724000	1.7091    	0.724000	51.6331   	
0.724500	0         	0.724500	51.6321   	0.724500	1.71007   	0.724500	51.6321   	
0.725000	0         	0.725000	51.6312   	0.725000	1.71104   	0.725000	51.6312   	
0.725500	0         	0.725500	51.6302   	0.725500	1.71201   	0.725500	51.6302   	
0.726000	0         	0.726000	51.6292   	0.726000	1.71298   	0.726000	51.6292   	
0.726500	0         	0.726500	51.6282   	0.726500	1.71395   	0.726500	51.6282   	
0.727000	0         	0.727000	51.6273   	0.727000	1.71492   	0.727000	51.6273   	
0.727500	0         	0.727500	51.6263   	0.727500	1.71589   	0.727500	51.6263   	
0.728000	0         	0.728000	51.6253   	0.728000	1.71685   	0.728000	51.6253   	
0.728500	0         	0.728500	51.6244   	0.728500	1.71782   	0.728500	51.6244   	
0.729000	0         	0.729000	51.6234   	0.729000	1.71878   	0.729000	51.6234   	
0.729500	0         	0.729500	51.6225   	0.729500	1.71975   	0.729500	51.6225   	
0.730000	0         	0.730000	51.6215   	0.730000	1.72071   	0.730000	51.6215   	
0.730500	0         	0.730500	51.6205   	0.730500	1.72167   	0.730500	51.6205   	
0.731000	0         	0.731000	51.6196   	0.731000	1.72263   	0.731000	51.6196   	
0.731500	0         	0.731500	51.6186   	0.731500	1.72359   	0.731500	51.6186   	
0.732000	0         	0.732000	51.6176   	0.732000	1.72455   	0.732000	51.6176   	
0.732500	0         	0.732500	51.6167   	0.732500	1.72551   	0.732500	51.6167   	
0.733000	0         	0.733000	51.6157   	0.733000	1.72647   	0.733000	51.6157   	
0.733500	0         	0.733500	51.6148   	0.733500	1.72743   	0.733500	51.6148   	
0.734000	0         	0.734000	51.6138   	0.734000	1.72839   	0.734000	51.6138   	
0.734500	0         	0.734500	51.6129   	0.734500	1.72934   	0.734500	51.6129   	
0.735000	0         	0.735000	51.6119   	0.735000	1.7303    	0.735000	51.6119   	
0.735500	0         	0.735500	51.611    	0.735500	1.73125   	0.735500	51.611    	
0.736000	0         	0.736000	51.61     	0.736000	1.7322    	0.736000	51.61     	
0.736500	0         	0.736500	51.6091   	0.736500	1.73315   	0.736500	51.6091   	
0.737000	0         	0.737000	51.6081   	0.737000	1.7341    	0.737000	51.6081   	
0.737500	0         	0.737500	51.6072   	0.737500	1.73505   	0.737500	51.6072   	
0.738000	0         	0.738000	51.6062   	0.738000	1.73599   	0.738000	51.6062   	
0.738500	0         	0.738500	51.6053   	0.738500	1.73694   	0.738500	51.6053   	
0.739000	0         	0.739000	51.6043   	0.739000	1.73788   	0.739000	51.6043   	
0.739500	0         	0.739500	51.6034   	0.739500	1.73883   	0.739500	51.6034   	
0.740000	0         	0.740000	51.6024   	0.740000	1.73977   	0.740000	51.6024   	
0.740500	0         	0.740500	51.6015   	0.740500	1.74072   	0.740500	51.6015   	
0.741000	0         	0.741000	51.6005   	0.741000	1.74166   	0.741000	51.6005   	
0.741500	0         	0.741500	51.5996   	0.741500	1.7426    	0.741500	51.5996   	
0.742000	0         	0.742000	51.5987   	0.742000	1.74354   	0.742000	51.5987   	
0.742500	0         	0.742500	51.5977   	0.742500	1.74448   	0.742500	51.5977   	
0.743000	0         	0.743000	51.5968   	0.743000	1.74542   	0.743000	51.5968   	
0.743500	0         	0.743500	51.5958   	0.743500	1.74635   	0.743500	51.5958   	
0.744000	0         	0.744000	51.5949   	0.744000	1.74729   	0.744000	51.5949   	
0.744500	0         	0.744500	51.594    	0.744500	1.74822   	0.744500	51.594    	
0.745000	0         	0.745000	51.593    	0.745000	1.74916   	0.745000	51.593    	
0.745500	0         	0.745500	51.5921   	0.745500	1.75009   	0.745500	51.5921   	
0.746000	0         	0.746000	51.5912   	0.746000	1.75102   	0.746000	51.5912   	
0.746500	0         	0.746500	51.5902   	0.746500	1.75195   	0.746500	51.5902   	
0.747000	0         	0.747000	51.5893   	0.747000	1.75288   	0.747000	51.5893   	
0.747500	0         	0.747500	51.5884   	0.747500	1.75381   	0.747500	51.5884   	
0.748000	0         	0.748000	51.5875   	0.748000	1.75474   	0.748000	51.5875   	
0.748500	0         	0.748500	51.5865   	0.748500	1.75566   	0.748500	51.5865   	
0.749000	0         	0.749000	51.5856   	0.749000	1.75659   	0.749000	51.5856   	
0.749500	0         	0.749500	51.5847   	0.749500	1.75751   	0.749500	51.5847   	
0.750000	0         	0.750000	51.5838   	0.750000	1.75843   	0.750000	51.5838   	
0.750500	0         	0.750500	51.5828   	0.750500	1.75935   	0.750500	51.5828   	
0.751000	0         	0.751000	51.5819   	0.751000	1.76027   	0.751000	51.5819   	
0.751500	0         	0.751500	51.581    	0.751500	1.76119   	0.751500	51.581    	
0.752000	0         	0.752000	51.5801   	0.752000	1.76211   	0.752000	51.5801   	
0.752500	0         	0.752500	51.5792   	0.752500	1.76303   	0.752500	51.5792   	
0.753000	0         	0.753000	51.5783   	0.753000	1.76394   	0.753000	51.5783   	
0.753500	0         	0.753500	51.5773   	0.753500	1.76486   	0.753500	51.5773   	
0.754000	0         	0.754000	51.5764   	0.754000	1.76577   	0.754000	51.5764   	
0.754500	0         	0.754500	51.5755   	0.754500	1.76668   	0.754500	51.5755   	
0.755000	0         	0.755000	51.5746   	0.755000	1.76759   	0.755000	51.5746   	
0.755500	0         	0.755500	51.5737   	0.755500	1.76849   	0.755500	51.5737   	
0.756000	0         	0.756000	51.5728   	0.756000	1.7694    	0.756000	51.5728   	
0.756500	0         	0.756500	51.5719   	0.756500	1.77031   	0.756500	51.5719   	
0.757000	0         	0.757000	51.571    	0.757000	1.77121   	0.757000	51.571    	
0.757500	0         	0.757500	51.5701   	0.757500	1.77211   	0.757500	51.5701   	
0.758000	0         	0.758000	51.5692   	0.758000	1.77301   	0.758000	51.5692   	
0.758500	0         	0.758500	51.5683   	0.758500	1.77391   	0.758500	51.5683   	
0.759000	0         	0.759000	51.5674   	0.759000	1.77481   	0.759000	51.5674   	
0.759500	0         	0.759500	51.5665   	0.759500	1.7757    	0.759500	51.5665   	
0.760000	0         	0.760000	51.5656   	0.760000	1.7766    	0.760000	51.5656   	
0.760500	0         	0.760500	51.5647   	0.760500	1.77749   	0.760500	51.5647   	
0.761000	0         	0.761000	51.5638   	0.761000	1.77838   	0.761000	51.5638   	
0.761500	0         	0.761500	51.5629   	0.761500	1.77927   	0.761500	51.5629   	
0.762000	0         	0.762000	51.562    	0.762000	1.78016   	0.762000	51.562    	
0.762500	0         	0.762500	51.5612   	0.762500	1.78104   	0.762500	51.5612   	
0.763000	0         	0.763000	51.5603   	0.763000	1.78193   	0.763000	51.5603   	
0.763500	0         	0.763500	51.5594   	0.763500	1.78281   	0.763500	51.5594   	
0.764000	0         	0.764000	51.5585   	0.764000	1.78369   	0.764000	51.5585   	
0.764500	0         	0.764500	51.5576   	0.764500	1.78457   	0.764500	51.5576   	
0.765000	0         	0.765000	51.5568   	0.765000	1.78544   	0.765000	51.5568   	
0.765500	0         	0.765500	51.5559   	0.765500	1.78632   	0.765500	51.5559   	
0.766000	0         	0.766000	51.555    	0.766000	1.78719   	0.766000	51.555    	
0.766500	0         	0.766500	51.5541   	0.766500	1.78806   	0.766500	51.5541   	
0.767000	0         	0.767000	51.5533   	0.767000	1.78893   	0.767000	51.5533   	
0.767500	0         	0.767500	51.5524   	0.767500	1.7898    	0.767500	51.5524   	
0.768000	0         	0.768000	51.5515   	0.768000	1.79066   	0.768000	51.5515   	
0.768500	0         	0.768500	51.5507   	0.768500	1.79152   	0.768500	51.5507   	
0.769000	0         	0.769000	51.5498   	0.769000	1.79238   	0.769000	51.5498   	
0.769500	0         	0.769500	51.549    	0.769500	1.79324   	0.769500	51.549    	
0.770000	0         	0.770000	51.5481   	0.770000	1.7941    	0.770000	51.5481   	
0.770500	0         	0.770500	51.5472   	0.770500	1.79495   	0.770500	51.5472   	
0.771000	0         	0.771000	51.5464   	0.771000	1.7958    	0.771000	51.5464   	
0.771500	0         	0.771500	51.5455   	0.771500	1.79665   	0.771500	51.5455   	
0.772000	0         	0.772000	51.5447   	0.772000	1.7975    	0.772000	51.5447   	
0.772500	0         	0.772500	51.5439   	0.772500	1.79834   	0.772500	51.5439   	
0.773000	0         	0.773000	51.543    	0.773000	1.79918   	0.773000	51.543    	
0.773500	0         	0.773500	51.5422   	0.773500	1.80002   	0.773500	51.5422   	
0.774000	0         	0.774000	51.5413   	0.774000	1.80085   	0.774000	51.5413   	
0.774500	0         	0.774500	51.5405   	0.774500	1.80169   	0.774500	51.5405   	
0.775000	0         	0.775000	51.5397   	0.775000	1.80252   	0.775000	51.5397   	
0.775500	0         	0.775500	51.5389   	0.775500	1.80334   	0.775500	51.5389   	
0.776000	0         	0.776000	51.538    	0.776000	1.80417   	0.776000	51.538    	
0.776500	0         	0.776500	51.5372   	0.776500	1.80499   	0.776500	51.5372   	
0.777000	0         	0.777000	51.5364   	0.777000	1.80581   	0.777000	51.5364   	
0.777500	0         	0.777500	51.5356   	0.777500	1.80662   	0.777500	51.5356   	
0.778000	0         	0.778000	51.5348   	0.778000	1.80744   	0.778000	51.5348   	
0.778500	0         	0.778500	51.534    	0.778500	1.80824   	0.778500	51.534    	
0.779000	0         	0.779000	51.5332   	0.779000	1.80905   	0.779000	51.5332   	
0.779500	0         	0.779500	51.5324   	0.779500	1.80984   	0.779500	51.5324   	
0.780000	0         	0.780000	51.5316   	0.780000	1.81064   	0.780000	51.5316   	
0.780500	0         	0.780500	51.5308   	0.780500	1.81143   	0.780500	51.5308   	
0.781000	0         	0.781000	51.53     	0.781000	1.81222   	0.781000	51.53     	
0.781500	0         	0.781500	51.5292   	0.781500	1.81301   	0.781500	51.5292   	
0.782000	0         	0.782000	51.5284   	0.782000	1.81379   	0.782000	51.5284   	
0.782500	0         	0.782500	51.5276   	0.782500	1.81457   	0.782500	51.5276   	
0.783000	0         	0.783000	51.5269   	0.783000	1.81534   	0.783000	51.5269   	
0.783500	0         	0.783500	51.5261   	0.783500	1.81611   	0.783500	51.5261   	
0.784000	0         	0.784000	51.5253   	0.784000	1.81688   	0.784000	51.5253   	
0.784500	0         	0.784500	51.5246   	0.784500	1.81764   	0.784500	51.5246   	
0.785000	0         	0.785000	51.5238   	0.785000	1.8184    	0.785000	51.5238   	
0.785500	0         	0.785500	51.523    	0.785500	1.81915   	0.785500	51.523    	
0.786000	0         	0.786000	51.5223   	0.786000	1.8199    	0.786000	51.5223   	
0.786500	0         	0.786500	51.5216   	0.786500	1.82064   	0.786500	51.5216   	
0.787000	4.88836e-10	0.787000	51.5208   	0.787000	1.82138   	0.787000	51.5208   	
0.787500	2.65174e-08	0.787500	51.5201   	0.787500	1.82212   	0.787500	51.5201   	
0.788000	3.28781e-08	0.788000	51.5194   	0.788000	1.82284   	0.788000	51.5194   	
0.788500	3.9376e-05	0.788500	51.5183   	0.788500	1.82383   	0.788500	51.5184   	
0.789000	3.51197e-05	0.789000	51.5176   	0.789000	1.82455   	0.789000	51.5176   	
0.789500	0.000141404	0.789500	51.5168   	0.789500	1.82527   	0.789500	51.5169   	
0.790000	0.000331758	0.790000	51.5159   	0.790000	1.82598   	0.790000	51.5162   	
0.790500	0.000738892	0.790500	51.5148   	0.790500	1.8267    	0.790500	51.5155   	
0.791000	0.00128033	0.791000	51.5134   	0.791000	1.82747   	0.791000	51.5147   	
0.791500	0.00188887	0.791500	51.512    	0.791500	1.82831   	0.791500	51.5139   	
0.792000	0.00266931	0.792000	51.5103   	0.792000	1.82927   	0.792000	51.5129   	
0.792500	0.0037035 	0.792500	51.5081   	0.792500	1.83043   	0.792500	51.5118   	
0.793000	0.00480695	0.793000	51.5055   	0.793000	1.83184   	0.793000	51.5104   	
0.793500	0.00606632	0.793500	51.5026   	0.793500	1.83354   	0.793500	51.5087   	
0.794000	0.00771821	0.794000	51.4989   	0.794000	1.83562   	0.794000	51.5066   	
0.794500	0.00984511	0.794500	51.4942   	0.794500	1.83816   	0.794500	51.504    	
0.795000	0.0124647 	0.795000	51.4885   	0.795000	1.84124   	0.795000	51.501    	
0.795500	0.0156854 	0.795500	51.4816   	0.795500	1.84494   	0.795500	51.4973   	
0.796000	0.0196408 	0.796000	51.4731   	0.796000	1.84947   	0.796000	51.4927   	
0.796500	0.0244582 	0.796500	51.4627   	0.796500	1.85502   	0.796500	51.4872   	
0.797000	0.0302876 	0.797000	51.4501   	0.797000	1.86183   	0.797000	51.4804   	
0.797500	0.0372979 	0.797500	51.4347   	0.797500	1.87018   	0.797500	51.472    	
0.798000	0.045679  	0.798000	51.4161   	0.798000	1.8804    	0.798000	51.4618   	
0.798500	0.0556363 	0.798500	51.3937   	0.798500	1.89287   	0.798500	51.4493   	
0.799000	0.0673837 	0.799000	51.3668   	0.799000	1.90805   	0.799000	51.4342   	
0.799500	0.0811465 	0.799500	51.3346   	0.799500	1.92641   	0.799500	51.4158   	
0.800000	0.0971662 	0.800000	51.2965   	0.800000	1.94852   	0.800000	51.3937   	
0.800500	0.115697  	0.800500	51.2515   	0.800500	1.97501   	0.800500	51.3672   	
0.801000	0.13701   	0.801000	51.1986   	0.801000	2.00658   	0.801000	51.3356   	
0.801500	0.161366  	0.801500	51.1369   	0.801500	2.04398   	0.801500	51.2982   	
0.802000	0.188999  	0.802000	51.065    	0.802000	2.08816   	0.802000	51.254    	
0.802500	0.220198  	0.802500	50.9821   	0.802500	2.13992   	0.802500	51.2023   	
0.803000	0.255201  	0.803000	50.8869   	0.803000	2.20008   	0.803000	51.1421   	
0.803500	0.29424   	0.803500	50.7782   	0.803500	2.26973   	0.803500	51.0725   	
0.804000	0.337459  	0.804000	50.6548   	0.804000	2.34996   	0.804000	50.9922   	
0.804500	0.385184  	0.804500	50.5152   	0.804500	2.44181   	0.804500	50.9004   	
0.805000	0.437425  	0.805000	50.3586   	0.805000	2.54622   	0.805000	50.796    	
0.805500	0.49442   	0.805500	50.1834   	0.805500	2.66437   	0.805500	50.6778   	
0.806000	0.556178  	0.806000	49.989    	0.806000	2.79704   	0.806000	50.5452   	
0.806500	0.622747  	0.806500	49.774    	0.806500	2.94542   	0.806500	50.3968   	
0.807000	0.694219  	0.807000	49.5378   	0.807000	3.11016   	0.807000	50.232    	
0.807500	0.770223  	0.807500	49.2797   	0.807500	3.29226   	0.807500	50.0499   	
0.808000	0.850527  	0.808000	48.9997   	0.808000	3.492     	0.808000	49.8502   	
0.808500	0.934888  	0.808500	48.698    	0.808500	3.70933   	0.808500	49.6329   	
0.809000	1.02332   	0.809000	48.3752   	0.809000	3.94369   	0.809000	49.3985   	
0.809500	1.11533   	0.809500	48.0328   	0.809500	4.19409   	0.809500	49.1481   	
0.810000	1.21071   	0.810000	47.6729   	0.810000	4.45862   	0.810000	48.8836   	
0.810500	1.30948   	0.810500	47.296    	0.810500	4.73668   	0.810500	48.6055   	
0.811000	1.41143   	0.811000	46.9039   	0.811000	5.02682   	0.811000	48.3154   	
0.811500	1.51602   	0.811500	46.4979   	0.811500	5.3283    	0.811500	48.0139   	
0.812000	1.62156   	0.812000	46.0909   	0.812000	5.62969   	0.812000	47.7125   	
0.812500	1.72879   	0.812500	45.6939   	0.812500	5.91955   	0.812500	47.4227   	
0.813000	1.83813   	0.813000	45.2967   	0.813000	6.20739   	0.813000	47.1348   	
0.813500	1.94997   	0.813500	44.8978   	0.813500	6.49443   	0.813500	46.8478   	
0.814000	2.06424   	0.814000	44.5114   	0.814000	6.76656   	0.814000	46.5756   	
0.814500	2.18075   	0.814500	44.1376   	0.814500	7.02383   	0.814500	46.3184   	
0.815000	2.29952   	0.815000	43.7757   	0.815000	7.26702   	0.815000	46.0752   	
0.815500	2.42185   	0.815500	43.4298   	0.815500	7.49056   	0.815500	45.8516   	
0.816000	2.54958   	0.816000	43.1154   	0.816000	7.67718   	0.816000	45.665    	
0.816500	2.68307   	0.816500	42.8431   	0.816500	7.81601   	0.816500	45.5262   	
0.817000	2.82227   	0.817000	42.6177   	0.817000	7.90221   	0.817000	45.44     	
0.817500	2.96811   	0.817500	42.4435   	0.817500	7.93059   	0.817500	45.4116   	
0.818000	3.12305   	0.818000	42.3166   	0.818000	7.90259   	0.818000	45.4396   	
0.818500	3.28972   	0.818500	42.2261   	0.818500	7.82634   	0.818500	45.5159   	
0.819000	3.47138   	0.819000	42.1585   	0.819000	7.7123    	0.819000	45.6299   	
0.819500	3.67248   	0.819500	42.0959   	0.819500	7.57386   	0.819500	45.7683   	
0.820000	3.89838   	0.820000	42.0198   	0.820000	7.42404   	0.820000	45.9182   	
0.820500	4.14438   	0.820500	41.9191   	0.820500	7.27871   	0.820500	46.0635   	
0.821000	4.43358   	0.821000	41.7581   	0.821000	7.1505    	0.821000	46.1917   	
0.821500	4.73656   	0.821500	41.5519   	0.821500	7.05372   	0.821500	46.2885   	
0.822000	5.07766   	0.822000	41.2516   	0.822000	7.0129    	0.822000	46.3293   	
0.822500	5.49853   	0.822500	40.7665   	0.822500	7.07713   	0.822500	46.2651   	
0.823000	5.83205   	0.823000	40.2974   	0.823000	7.21273   	0.823000	46.1295   	
0.823500	6.27856   	0.823500	39.4929   	0.823500	7.57069   	0.823500	45.7715   	
0.824000	6.59778   	0.824000	38.707    	0.824000	8.03746   	0.824000	45.3047   	
0.824500	6.98344   	0.824500	37.578    	0.824500	8.78079   	0.824500	44.5614   	
0.825000	7.32598   	0.825000	36.2669   	0.825000	9.74931   	0.825000	43.5929   	
0.825500	7.60522   	0.825500	34.7997   	0.825500	10.9372   	0.825500	42.405    	
0.826000	7.80567   	0.826000	33.1602   	0.826000	12.3763   	0.826000	40.9659   	
0.826500	7.98781   	0.826500	31.2063   	0.826500	14.1481   	0.826500	39.1941   	
0.827000	8.15091   	0.827000	28.8338   	0.827000	16.3575   	0.827000	36.9847   	
0.827500	8.28394   	0.827500	26.0503   	0.827500	19.008    	0.827500	34.3342   	
0.828000	8.36167   	0.828000	23.1051   	0.828000	21.8755   	0.828000	31.4667   	
0.828500	8.38065   	0.828500	20.2763   	0.828500	24.6852   	0.828500	28.657    	
0.829000	8.33757   	0.829000	17.6252   	0.829000	27.3794   	0.829000	25.9628   	
0.829500	8.22466   	0.829500	14.9858   	0.829500	30.1318   	0.829500	23.2104   	
0.830000	8.01725   	0.830000	12.3412   	0.830000	32.9838   	0.830000	20.3584   	
0.830500	8.89512   	0.830500	4.23239   	0.830500	40.2147   	0.830500	13.1275   	
0.831000	8.16257   	0.831000	2.45003   	0.831000	42.7296   	0.831000	10.6126   	
0.831500	7.37982   	0.831500	0.971961  	0.831500	44.9904   	0.831500	8.35178   	
0.832000	6.63316   	0.832000	0.133109  	0.832000	46.5759   	0.832000	6.76627   	
0.832500	5.44173   	0.832500	0.263736  	0.832500	47.6367   	0.832500	5.70546   	
0.833000	3.64178   	0.833000	9.64383e-08	0.833000	49.7004   	0.833000	3.64179   	
0.833500	3.3613    	0.833500	0         	0.833500	49.9809   	0.833500	3.3613    	
0.834000	2.54544   	0.834000	0         	0.834000	50.7968   	0.834000	2.54544   	
0.834500	0.642848  	0.834500	0         	0.834500	52.6994   	0.834500	0.642848  	
0.835000	0.94529   	0.835000	0         	0.835000	52.3969   	0.835000	0.94529   	
0.835500	2.08188e-06	0.835500	0         	0.835500	53.3422   	0.835500	2.08188e-06	
0.836000	4.45234e-09	0.836000	0         	0.836000	53.3422   	0.836000	4.45234e-09	
0.836500	0.119305  	0.836500	0         	0.836500	53.2229   	0.836500	0.119305  	
0.837000	1.07179e-12	0.837000	0         	0.837000	53.3422   	0.837000	1.07179e-12	
0.837500	7.07588e-14	0.837500	0         	0.837500	53.3422   	0.837500	7.07588e-14	
0.838000	0.02042   	0.838000	0         	0.838000	53.3218   	0.838000	0.02042   	
0.838500	5.82951e-16	0.838500	0         	0.838500	53.3422   	0.838500	5.82951e-16	
0.839000	0         	0.839000	0         	0.839000	53.3422   	0.839000	0         	
0.839500	0         	0.839500	0         	0.839500	53.3422   	0.839500	0         	
0.840000	0         	0.840000	0         	0.840000	53.3422   	0.840000	0         	
0.840500	0         	0.840500	0         	0.840500	53.3422   	0.840500	0         	
0.841000	0         	0.841000	0         	0.841000	53.3422   	0.841000	0         	
0.841500	0         	0.841500	0         	0.841500	53.3422   	0.841500	0         	
0.842000	0         	0.842000	0         	0.842000	53.3422   	0.842000	0         	
0.842500	0         	0.842500	0         	0.842500	53.3422   	0.842500	0         	
0.843000	0         	0.843000	0         	0.843000	53.3422   	0.843000	0         	
0.843500	0         	0.843500	0         	0.843500	53.3422   	0.843500	0         	
0.844000	0         	0.844000	0         	0.844000	53.3422   	0.844000	0         	
0.844500	0         	0.844500	0         	0.844500	53.3422   	0.844500	0         	
0.845000	0         	0.845000	0         	0.845000	53.3422   	0.845000	0         	
0.845500	0         	0.845500	0         	0.845500	53.3422   	0.845500	0         	
0.846000	0         	0.846000	0         	0.846000	53.3422   	0.846000	0         	
0.846500	0         	0.846500	0         	0.846500	53.3422   	0.846500	0         	
0.847000	0         	0.847000	0         	0.847000	53.3422   	0.847000	0         	
0.847500	0         	0.847500	0         	0.847500	53.3422   	0.847500	0         	
0.848000	0         	0.848000	0         	0.848000	53.3422   	0.848000	0         	
0.848500	0         	0.848500	0         	0.848500	53.3422   	0.848500	0         	
0.849000	0         	0.849000	0         	0.849000	53.3422   	0.849000	0         	
0.849500	0         	0.849500	0         	0.849500	53.3422   	0.849500	0         	
0.850000	0         	0.850000	0         	0.850000	53.3422   	0.850000	0         	
0.850500	0         	0.850500	0         	0.850500	53.3422   	0.850500	0         	
0.851000	0         	0.851000	0         	0.851000	53.3422   	0.851000	0         	
0.851500	0         	0.851500	0         	0.851500	53.3422   	0.851500	0         	
0.852000	0         	0.852000	0         	0.852000	53.3422   	0.852000	0         	
0.852500	0         	0.852500	0         	0.852500	53.3422   	0.852500	0         	
0.853000	0         	0.853000	0         	0.853000	53.3422   	0.853000	0         	
0.853500	0         	0.853500	0         	0.853500	53.3422   	0.853500	0         	
0.854000	0         	0.854000	0         	0.854000	53.3422   	0.854000	0         	
0.854500	0         	0.854500	0         	0.854500	53.3422   	0.854500	0         	
0.855000	0         	0.855000	0         	0.855000	53.3422   	0.855000	0         	
0.855500	0         	0.855500	0         	0.855500	53.3422   	0.855500	0         	
0.856000	0         	0.856000	0         	0.856000	53.3422   	0.856000	0         	
0.856500	0         	0.856500	0         	0.856500	53.3422   	0.856500	0         	
0.857000	0         	0.857000	0         	0.857000	53.3422   	0.857000	0         	
0.857500	0         	0.857500	0         	0.857500	53.3422   	0.857500	0         	
0.858000	0         	0.858000	0         	0.858000	53.3422   	0.858000	0         	
0.858500	0         	0.858500	0         	0.858500	53.3422   	0.858500	0         	
0.859000	0         	0.859000	0         	0.859000	53.3422   	0.859000	0         	
0.859500	0         	0.859500	0         	0.859500	53.3422   	0.859500	0         	
0.860000	0         	0.860000	0         	0.860000	53.3422   	0.860000	0         	
0.860500	0         	0.860500	0         	0.860500	53.3422   	0.860500	0         	
0.861000	0         	0.861000	0         	0.861000	53.3422   	0.861000	0         	
0.861500	0         	0.861500	0         	0.861500	53.3422   	0.861500	0         	
0.862000	0         	0.862000	0         	0.862000	53.3422   	0.862000	0         	
0.862500	0         	0.862500	0         	0.862500	53.3422   	0.862500	0         	
0.863000	0         	0.863000	0         	0.863000	53.3422   	0.863000	0         	
0.863500	0         	0.863500	0         	0.863500	53.3422   	0.863500	0         	
0.864000	0         	0.864000	0         	0.864000	53.3422   	0.864000	0         	
0.864500	0         	0.864500	0         	0.864500	53.3422   	0.864500	0         	
0.865000	0         	0.865000	0         	0.865000	53.3422   	0.865000	0         	
0.865500	0         	0.865500	0         	0.865500	53.3422   	0.865500	0         	
0.866000	0         	0.866000	0         	0.866000	53.3422   	0.866000	0         	
0.866500	0         	0.866500	0         	0.866500	53.3422   	0.866500	0         	
0.867000	0         	0.867000	0         	0.867000	53.3422   	0.867000	0         	
0.867500	0         	0.867500	0         	0.867500	53.3422   	0.867500	0         	
0.868000	0         	0.868000	0         	0.868000	53.3422   	0.868000	0         	
0.868500	0         	0.868500	0         	0.868500	53.3422   	0.868500	0         	
0.869000	0         	0.869000	0         	0.869000	53.3422   	0.869000	0         	
0.869500	0         	0.869500	0         	0.869500	53.3422   	0.869500	0         	
0.870000	0         	0.870000	0         	0.870000	53.3422   	0.870000	0         	
0.870500	0         	0.870500	0         	0.870500	53.3422   	0.870500	0         	
0.871000	0         	0.871000	0         	0.871000	53.3422   	0.871000	0         	
0.871500	0         	0.871500	0         	0.871500	53.3422   	0.871500	0         	
0.872000	0         	0.872000	0         	0.872000	53.3422   	0.872000	0         	
0.872500	0         	0.872500	0         	0.872500	53.3422   	0.872500	0         	
0.873000	0         	0.873000	0         	0.873000	53.3422   	0.873000	0         	
0.873500	0         	0.873500	0         	0.873500	53.3422   	0.873500	0         	
0.874000	0         	0.874000	0         	0.874000	53.3422   	0.874000	0         	
0.874500	0         	0.874500	0         	0.874500	53.3422   	0.874500	0         	
0.875000	0         	0.875000	0         	0.875000	53.3422   	0.875000	0         	
0.875500	0         	0.875500	0         	0.875500	53.3422   	0.875500	0         	
0.876000	0         	0.876000	0         	0.876000	53.3422   	0.876000	0         	
0.876500	0         	0.876500	0         	0.876500	53.3422   	0.876500	0         	
0.877000	0         	0.877000	0         	0.877000	53.3422   	0.877000	0         	
0.877500	0         	0.877500	0         	0.877500	53.3422   	0.877500	0         	
0.878000	0         	0.878000	0         	0.878000	53.3422   	0.878000	0         	
0.878500	0         	0.878500	0         	0.878500	53.3422   	0.878500	0         	
0.879000	0         	0.879000	0         	0.879000	53.3422   	0.879000	0         	
0.879500	0         	0.879500	0         	0.879500	53.3422   	0.879500	0         	
0.880000	0         	0.880000	0         	0.880000	53.3422   	0.880000	0         	
0.880500	0         	0.880500	0         	0.880500	53.3422   	0.880500	0         	
0.881000	0         	0.881000	0         	0.881000	53.3422   	0.881000	0         	
0.881500	0         	0.881500	0         	0.881500	53.3422   	0.881500	0         	
0.882000	0         	0.882000	0         	0.882000	53.3422   	0.882000	0         	
0.882500	0         	0.882500	0         	0.882500	53.3422   	0.882500	0         	
0.883000	0         	0.883000	0         	0.883000	53.3422   	0.883000	0         	
0.883500	0         	0.883500	0         	0.883500	53.3422   	0.883500	0         	
0.884000	0         	0.884000	0         	0.884000	53.3422   	0.884000	0         	
0.884500	0         	0.884500	0         	0.884500	53.3422   	0.884500	0         	
0.885000	0         	0.885000	0         	0.885000	53.3422   	0.885000	0         	
0.885500	0         	0.885500	0         	0.885500	53.3422   	0.885500	0         	
0.886000	0         	0.886000	0         	0.886000	53.3422   	0.886000	0         	
0.886500	0         	0.886500	0         	0.886500	53.3422   	0.886500	0         	
0.887000	0         	0.887000	0         	0.887000	53.3422   	0.887000	0         	
0.887500	0         	0.887500	0         	0.887500	53.3422   	0.887500	0         	
0.888000	0         	0.888000	0         	0.888000	53.3422   	0.888000	0         	
0.888500	0         	0.888500	0         	0.888500	53.3422   	0.888500	0         	
0.889000	0         	0.889000	0         	0.889000	53.3422   	0.889000	0         	
0.889500	0         	0.889500	0         	0.889500	53.3422   	0.889500	0         	
0.890000	0         	0.890000	0         	0.890000	53.3422   	0.890000	0         	
0.890500	0         	0.890500	0         	0.890500	53.3422   	0.890500	0         	
0.891000	0         	0.891000	0         	0.891000	53.3422   	0.891000	0         	
0.891500	0         	0.891500	0         	0.891500	53.3422   	0.891500	0         	
0.892000	0         	0.892000	0         	0.892000	53.3422   	0.892000	0         	
0.892500	0         	0.892500	0         	0.892500	53.3422   	0.892500	0         	
0.893000	0         	0.893000	0         	0.893000	53.3422   	0.893000	0         	
0.893500	0         	0.893500	0         	0.893500	53.3422   	0.893500	0         	
0.894000	0         	0.894000	0         	0.894000	53.3422   	0.894000	0         	
0.894500	0         	0.894500	0         	0.894500	53.3422   	0.894500	0         	
0.895000	0         	0.895000	0         	0.895000	53.3422   	0.895000	0         	
0.895500	0         	0.895500	0         	0.895500	53.3422   	0.895500	0         	
0.896000	0         	0.896000	0         	0.896000	53.3422   	0.896000	0         	
0.896500	0         	0.896500	0         	0.896500	53.3422   	0.896500	0         	
0.897000	0         	0.897000	0         	0.897000	53.3422   	0.897000	0         	
0.897500	0         	0.897500	0         	0.897500	53.3422   	0.897500	0         	
0.898000	0         	0.898000	0         	0.898000	53.3422   	0.898000	0         	
0.898500	0         	0.898500	0         	0.898500	53.3422   	0.898500	0         	
0.899000	0         	0.899000	0         	0.899000	53.3422   	0.899000	0         	
0.899500	0         	0.899500	0         	0.899500	53.3422   	0.899500	0         	
0.900000	0         	0.900000	0         	0.900000	53.3422   	0.900000	0         	
0.900500	0         	0.900500	0         	0.900500	53.3422   	0.900500	0         	
0.901000	0         	0.901000	0         	0.901000	53.3422   	0.901000	0         	
0.901500	0         	0.901500	0         	0.901500	53.3422   	0.901500	0         	
0.902000	0         	0.902000	0         	0.902000	53.3422   	0.902000	0         	
0.902500	0         	0.902500	0         	0.902500	53.3422   	0.902500	0         	
0.903000	0         	0.903000	0         	0.903000	53.3422   	0.903000	0         	
0.903500	0         	0.903500	0         	0.903500	53.3422   	0.903500	0         	
0.904000	0         	0.904000	0         	0.904000	53.3422   	0.904000	0         	
0.904500	0         	0.904500	0         	0.904500	53.3422   	0.904500	0         	
0.905000	0         	0.905000	0         	0.905000	53.3422   	0.905000	0         	
0.905500	0         	0.905500	0         	0.905500	53.3422   	0.905500	0         	
0.906000	0         	0.906000	0         	0.906000	53.3422   	0.906000	0         	
0.906500	0         	0.906500	0         	0.906500	53.3422   	0.906500	0         	
0.907000	0         	0.907000	0         	0.907000	53.3422   	0.907000	0         	
0.907500	0         	0.907500	0         	0.907500	53.3422   	0.907500	0         	
0.908000	0         	0.908000	0         	0.908000	53.3422   	0.908000	0         	
0.908500	0         	0.908500	0         	0.908500	53.3422   	0.908500	0         	
0.909000	0         	0.909000	0         	0.909000	53.3422   	0.909000	0         	
0.909500	0         	0.909500	0         	0.909500	53.3422   	0.909500	0         	
0.910000	0         	0.910000	0         	0.910000	53.3422   	0.910000	0         	
0.910500	0         	0.910500	0         	0.910500	53.3422   	0.910500	0         	
0.911000	0         	0.911000	0         	0.911000	53.3422   	0.911000	0         	
0.911500	0         	0.911500	0         	0.911500	53.3422   	0.911500	0         	
0.912000	0         	0.912000	0         	0.912000	53.3422   	0.912000	0         	
0.912500	0         	0.912500	0         	0.912500	53.3422   	0.912500	0         	
0.913000	0         	0.913000	0         	0.913000	53.3422   	0.913000	0         	
0.913500	0         	0.913500	0         	0.913500	53.3422   	0.913500	0         	
0.914000	0         	0.914000	0         	0.914000	53.3422   	0.914000	0         	
0.914500	0         	0.914500	0         	0.914500	53.3422   	0.914500	0         	
0.915000	0         	0.915000	0         	0.915000	53.3422   	0.915000	0         	
0.915500	0         	0.915500	0         	0.915500	53.3422   	0.915500	0         	
0.916000	0         	0.916000	0         	0.916000	53.3422   	0.916000	0         	
0.916500	0         	0.916500	0         	0.916500	53.3422   	0.916500	0         	
0.917000	0         	0.917000	0         	0.917000	53.3422   	0.917000	0         	
0.917500	0         	0.917500	0         	0.917500	53.3422   	0.917500	0         	
0.918000	0         	0.918000	0         	0.918000	53.3422   	0.918000	0         	
0.918500	0         	0.918500	0         	0.918500	53.3422   	0.918500	0         	
0.919000	0         	0.919000	0         	0.919000	53.3422   	0.919000	0         	
0.919500	0         	0.919500	0         	0.919500	53.3422   	0.919500	0         	
0.920000	0         	0.920000	0         	0.920000	53.3422   	0.920000	0         	
0.920500	0         	0.920500	0         	0.920500	53.3422   	0.920500	0         	
0.921000	0         	0.921000	0         	0.921000	53.3422   	0.921000	0         	
0.921500	0         	0.921500	0         	0.921500	53.3422   	0.921500	0         	
0.922000	0         	0.922000	0         	0.922000	53.3422   	0.922000	0         	
0.922500	0         	0.922500	0         	0.922500	53.3422   	0.922500	0         	
0.923000	0         	0.923000	0         	0.923000	53.3422   	0.923000	0         	
0.923500	0         	0.923500	0         	0.923500	53.3422   	0.923500	0         	
0.924000	0         	0.924000	0         	0.924000	53.3422   	0.924000	0         	
0.924500	0         	0.924500	0         	0.924500	53.3422   	0.924500	0         	
0.925000	0         	0.925000	0         	0.925000	53.3422   	0.925000	0         	
0.925500	0         	0.925500	0         	0.925500	53.3422   	0.925500	0         	
0.926000	0         	0.926000	0         	0.926000	53.3422   	0.926000	0         	
0.926500	0         	0.926500	0         	0.926500	53.3422   	0.926500	0         	
0.927000	0         	0.927000	0         	0.927000	53.3422   	0.927000	0         	
0.927500	0         	0.927500	0         	0.927500	53.3422   	0.927500	0         	
0.928000	0         	0.928000	0         	0.928000	53.3422   	0.928000	0         	
0.928500	0         	0.928500	0         	0.928500	53.3422   	0.928500	0         	
0.929000	0         	0.929000	0         	0.929000	53.3422   	0.929000	0         	
0.929500	0         	0.929500	0         	0.929500	53.3422   	0.929500	0         	
0.930000	0         	0.930000	0         	0.930000	53.3422   	0.930000	0         	
0.930500	0         	0.930500	0         	0.930500	53.3422   	0.930500	0         	
0.931000	0         	0.931000	0         	0.931000	53.3422   	0.931000	0         	
0.931500	0         	0.931500	0         	0.931500	53.3422   	0.931500	0         	
0.932000	0         	0.932000	0         	0.932000	53.3422   	0.932000	0         	
0.932500	0         	0.932500	0         	0.932500	53.3422   	0.932500	0         	
0.933000	0         	0.933000	0         	0.933000	53.3422   	0.933000	0         	
0.933500	0         	0.933500	0         	0.933500	53.3422   	0.933500	0         	
0.934000	0         	0.934000	0         	0.934000	53.3422   	0.934000	0         	
0.934500	0         	0.934500	0         	0.934500	53.3422   	0.934500	0         	
0.935000	0         	0.935000	0         	0.935000	53.3422   	0.935000	0         	
0.935500	0         	0.935500	0         	0.935500	53.3422   	0.935500	0         	
0.936000	0         	0.936000	0         	0.936000	53.3422   	0.936000	0         	
0.936500	0         	0.936500	0         	0.936500	53.3422   	0.936500	0         	
0.937000	0         	0.937000	0         	0.937000	53.3422   	0.937000	0         	
0.937500	0         	0.937500	0         	0.937500	53.3422   	0.937500	0         	
0.938000	0         	0.938000	0         	0.938000	53.3422   	0.938000	0         	
0.938500	0         	0.938500	0         	0.938500	53.3422   	0.938500	0         	
0.939000	0         	0.939000	0         	0.939000	53.3422   	0.939000	0         	
0.939500	0         	0.939500	0         	0.939500	53.3422   	0.939500	0         	
0.940000	0         	0.940000	0         	0.940000	53.3422   	0.940000	0         	
0.940500	0         	0.940500	0         	0.940500	53.3422   	0.940500	0         	
0.941000	0         	0.941000	0         	0.941000	53.3422   	0.941000	0         	
0.941500	0         	0.941500	0         	0.941500	53.3422   	0.941500	0         	
0.942000	0         	0.942000	0         	0.942000	53.3422   	0.942000	0         	
0.942500	0         	0.942500	0         	0.942500	53.3422   	0.942500	0         	
0.943000	0         	0.943000	0         	0.943000	53.3422   	0.943000	0         	
0.943500	0         	0.943500	0         	0.943500	53.3422   	0.943500	0         	
0.944000	0         	0.944000	0         	0.944000	53.3422   	0.944000	0         	
0.944500	0         	0.944500	0         	0.944500	53.3422   	0.944500	0         	
0.945000	0         	0.945000	0         	0.945000	53.3422   	0.945000	0         	
0.945500	0         	0.945500	0         	0.945500	53.3422   	0.945500	0         	
0.946000	0         	0.946000	0         	0.946000	53.3422   	0.946000	0         	
0.946500	0         	0.946500	0         	0.946500	53.3422   	0.946500	0         	
0.947000	0         	0.947000	0         	0.947000	53.3422   	0.947000	0         	
0.947500	0         	0.947500	0         	0.947500	53.3422   	0.947500	0         	
0.948000	0         	0.948000	0         	0.948000	53.3422   	0.948000	0         	
0.948500	0         	0.948500	0         	0.948500	53.3422   	0.948500	0         	
0.949000	0         	0.949000	0         	0.949000	53.3422   	0.949000	0         	
0.949500	0         	0.949500	0         	0.949500	53.3422   	0.949500	0         	
0.950000	0         	0.950000	0         	0.950000	53.3422   	0.950000	0         	
0.950500	0         	0.950500	0         	0.950500	53.3422   	0.950500	0         	
0.951000	0         	0.951000	0         	0.951000	53.3422   	0.951000	0         	
0.951500	0         	0.951500	0         	0.951500	53.3422   	0.951500	0         	
0.952000	0         	0.952000	0         	0.952000	53.3422   	0.952000	0         	
0.952500	0         	0.952500	0         	0.952500	53.3422   	0.952500	0         	
0.953000	0         	0.953000	0         	0.953000	53.3422   	0.953000	0         	
0.953500	0         	0.953500	0         	0.953500	53.3422   	0.953500	0         	
0.954000	0         	0.954000	0         	0.954000	53.3422   	0.954000	0         	
0.954500	0         	0.954500	0         	0.954500	53.3422   	0.954500	0         	
0.955000	0         	0.955000	0         	0.955000	53.3422   	0.955000	0         	
0.955500	0         	0.955500	0         	0.955500	53.3422   	0.955500	0         	
0.956000	0         	0.956000	0         	0.956000	53.3422   	0.956000	0         	
0.956500	0         	0.956500	0         	0.956500	53.3422   	0.956500	0         	
0.957000	0         	0.957000	0         	0.957000	53.3422   	0.957000	0         	
0.957500	0         	0.957500	0         	0.957500	53.3422   	0.957500	0         	
0.958000	0         	0.958000	0         	0.958000	53.3422   	0.958000	0         	
0.958500	0         	0.958500	0         	0.958500	53.3422   	0.958500	0         	
0.959000	0         	0.959000	0         	0.959000	53.3422   	0.959000	0         	
0.959500	0         	0.959500	0         	0.959500	53.3422   	0.959500	0         	
0.960000	0         	0.960000	0         	0.960000	53.3422   	0.960000	0         	
