Thickness of SUS flat deg [mm]1	(B-C) stopped in THIS detector	Thickness of SUS flat deg [mm]2	(C)   yield after THIS detector 	Thickness of SUS flat deg [mm]3	(A-B) stopped before THIS detector	Thickness of SUS flat deg [mm]4	(B)   yield before THIS detector	
0.660000	0         	0.660000	7.04826   	0.660000	0.214944  	0.660000	7.04826   	
0.660500	0         	0.660500	7.04812   	0.660500	0.215086  	0.660500	7.04812   	
0.661000	0         	0.661000	7.04798   	0.661000	0.215229  	0.661000	7.04798   	
0.661500	0         	0.661500	7.04784   	0.661500	0.215372  	0.661500	7.04784   	
0.662000	0         	0.662000	7.04769   	0.662000	0.215514  	0.662000	7.04769   	
0.662500	0         	0.662500	7.04755   	0.662500	0.215657  	0.662500	7.04755   	
0.663000	0         	0.663000	7.04741   	0.663000	0.215799  	0.663000	7.04741   	
0.663500	0         	0.663500	7.04727   	0.663500	0.215941  	0.663500	7.04727   	
0.664000	0         	0.664000	7.04712   	0.664000	0.216084  	0.664000	7.04712   	
0.664500	0         	0.664500	7.04698   	0.664500	0.216226  	0.664500	7.04698   	
0.665000	0         	0.665000	7.04684   	0.665000	0.216369  	0.665000	7.04684   	
0.665500	0         	0.665500	7.0467    	0.665500	0.216511  	0.665500	7.0467    	
0.666000	0         	0.666000	7.04655   	0.666000	0.216653  	0.666000	7.04655   	
0.666500	0         	0.666500	7.04641   	0.666500	0.216795  	0.666500	7.04641   	
0.667000	0         	0.667000	7.04627   	0.667000	0.216938  	0.667000	7.04627   	
0.667500	0         	0.667500	7.04613   	0.667500	0.21708   	0.667500	7.04613   	
0.668000	0         	0.668000	7.04598   	0.668000	0.217222  	0.668000	7.04598   	
0.668500	0         	0.668500	7.04584   	0.668500	0.217364  	0.668500	7.04584   	
0.669000	0         	0.669000	7.0457    	0.669000	0.217506  	0.669000	7.0457    	
0.669500	0         	0.669500	7.04556   	0.669500	0.217648  	0.669500	7.04556   	
0.670000	0         	0.670000	7.04542   	0.670000	0.217791  	0.670000	7.04542   	
0.670500	0         	0.670500	7.04527   	0.670500	0.217933  	0.670500	7.04527   	
0.671000	0         	0.671000	7.04513   	0.671000	0.218075  	0.671000	7.04513   	
0.671500	0         	0.671500	7.04499   	0.671500	0.218216  	0.671500	7.04499   	
0.672000	0         	0.672000	7.04485   	0.672000	0.218358  	0.672000	7.04485   	
0.672500	0         	0.672500	7.04471   	0.672500	0.218499  	0.672500	7.04471   	
0.673000	0         	0.673000	7.04457   	0.673000	0.218641  	0.673000	7.04457   	
0.673500	0         	0.673500	7.04442   	0.673500	0.218782  	0.673500	7.04442   	
0.674000	0         	0.674000	7.04428   	0.674000	0.218924  	0.674000	7.04428   	
0.674500	0         	0.674500	7.04414   	0.674500	0.219065  	0.674500	7.04414   	
0.675000	0         	0.675000	7.044     	0.675000	0.219207  	0.675000	7.044     	
0.675500	0         	0.675500	7.04386   	0.675500	0.219348  	0.675500	7.04386   	
0.676000	0         	0.676000	7.04372   	0.676000	0.21949   	0.676000	7.04372   	
0.676500	0         	0.676500	7.04358   	0.676500	0.219631  	0.676500	7.04358   	
0.677000	0         	0.677000	7.04343   	0.677000	0.219773  	0.677000	7.04343   	
0.677500	0         	0.677500	7.04329   	0.677500	0.219914  	0.677500	7.04329   	
0.678000	0         	0.678000	7.04315   	0.678000	0.220055  	0.678000	7.04315   	
0.678500	0         	0.678500	7.04301   	0.678500	0.220196  	0.678500	7.04301   	
0.679000	0         	0.679000	7.04287   	0.679000	0.220338  	0.679000	7.04287   	
0.679500	0         	0.679500	7.04273   	0.679500	0.220479  	0.679500	7.04273   	
0.680000	0         	0.680000	7.04259   	0.680000	0.22062   	0.680000	7.04259   	
0.680500	0         	0.680500	7.04245   	0.680500	0.220761  	0.680500	7.04245   	
0.681000	0         	0.681000	7.0423    	0.681000	0.220903  	0.681000	7.0423    	
0.681500	0         	0.681500	7.04216   	0.681500	0.221044  	0.681500	7.04216   	
0.682000	0         	0.682000	7.04202   	0.682000	0.221185  	0.682000	7.04202   	
0.682500	0         	0.682500	7.04188   	0.682500	0.221326  	0.682500	7.04188   	
0.683000	0         	0.683000	7.04174   	0.683000	0.221467  	0.683000	7.04174   	
0.683500	0         	0.683500	7.0416    	0.683500	0.221608  	0.683500	7.0416    	
0.684000	0         	0.684000	7.04146   	0.684000	0.221749  	0.684000	7.04146   	
0.684500	0         	0.684500	7.04132   	0.684500	0.22189   	0.684500	7.04132   	
0.685000	0         	0.685000	7.04118   	0.685000	0.222031  	0.685000	7.04118   	
0.685500	0         	0.685500	7.04103   	0.685500	0.222172  	0.685500	7.04103   	
0.686000	0         	0.686000	7.04089   	0.686000	0.222313  	0.686000	7.04089   	
0.686500	0         	0.686500	7.04075   	0.686500	0.222454  	0.686500	7.04075   	
0.687000	0         	0.687000	7.04061   	0.687000	0.222595  	0.687000	7.04061   	
0.687500	0         	0.687500	7.04047   	0.687500	0.222736  	0.687500	7.04047   	
0.688000	0         	0.688000	7.04033   	0.688000	0.222876  	0.688000	7.04033   	
0.688500	0         	0.688500	7.04019   	0.688500	0.223017  	0.688500	7.04019   	
0.689000	0         	0.689000	7.04005   	0.689000	0.223158  	0.689000	7.04005   	
0.689500	0         	0.689500	7.03991   	0.689500	0.223298  	0.689500	7.03991   	
0.690000	0         	0.690000	7.03977   	0.690000	0.223439  	0.690000	7.03977   	
0.690500	0         	0.690500	7.03963   	0.690500	0.22358   	0.690500	7.03963   	
0.691000	0         	0.691000	7.03949   	0.691000	0.22372   	0.691000	7.03949   	
0.691500	0         	0.691500	7.03935   	0.691500	0.223861  	0.691500	7.03935   	
0.692000	0         	0.692000	7.03921   	0.692000	0.224001  	0.692000	7.03921   	
0.692500	0         	0.692500	7.03907   	0.692500	0.224142  	0.692500	7.03907   	
0.693000	0         	0.693000	7.03892   	0.693000	0.224282  	0.693000	7.03892   	
0.693500	0         	0.693500	7.03878   	0.693500	0.224423  	0.693500	7.03878   	
0.694000	0         	0.694000	7.03864   	0.694000	0.224563  	0.694000	7.03864   	
0.694500	0         	0.694500	7.0385    	0.694500	0.224704  	0.694500	7.0385    	
0.695000	0         	0.695000	7.03836   	0.695000	0.224844  	0.695000	7.03836   	
0.695500	0         	0.695500	7.03822   	0.695500	0.224984  	0.695500	7.03822   	
0.696000	0         	0.696000	7.03808   	0.696000	0.225125  	0.696000	7.03808   	
0.696500	0         	0.696500	7.03794   	0.696500	0.225265  	0.696500	7.03794   	
0.697000	0         	0.697000	7.0378    	0.697000	0.225405  	0.697000	7.0378    	
0.697500	0         	0.697500	7.03766   	0.697500	0.225545  	0.697500	7.03766   	
0.698000	0         	0.698000	7.03752   	0.698000	0.225685  	0.698000	7.03752   	
0.698500	0         	0.698500	7.03738   	0.698500	0.225825  	0.698500	7.03738   	
0.699000	0         	0.699000	7.03724   	0.699000	0.225965  	0.699000	7.03724   	
0.699500	0         	0.699500	7.0371    	0.699500	0.226105  	0.699500	7.0371    	
0.700000	0         	0.700000	7.03696   	0.700000	0.226245  	0.700000	7.03696   	
0.700500	0         	0.700500	7.03682   	0.700500	0.226385  	0.700500	7.03682   	
0.701000	0         	0.701000	7.03668   	0.701000	0.226525  	0.701000	7.03668   	
0.701500	0         	0.701500	7.03654   	0.701500	0.226665  	0.701500	7.03654   	
0.702000	0         	0.702000	7.0364    	0.702000	0.226805  	0.702000	7.0364    	
0.702500	0         	0.702500	7.03626   	0.702500	0.226945  	0.702500	7.03626   	
0.703000	0         	0.703000	7.03612   	0.703000	0.227084  	0.703000	7.03612   	
0.703500	0         	0.703500	7.03598   	0.703500	0.227224  	0.703500	7.03598   	
0.704000	0         	0.704000	7.03584   	0.704000	0.227363  	0.704000	7.03584   	
0.704500	0         	0.704500	7.0357    	0.704500	0.227502  	0.704500	7.0357    	
0.705000	0         	0.705000	7.03557   	0.705000	0.227642  	0.705000	7.03557   	
0.705500	0         	0.705500	7.03543   	0.705500	0.227781  	0.705500	7.03543   	
0.706000	0         	0.706000	7.03529   	0.706000	0.22792   	0.706000	7.03529   	
0.706500	0         	0.706500	7.03515   	0.706500	0.228059  	0.706500	7.03515   	
0.707000	0         	0.707000	7.03501   	0.707000	0.228198  	0.707000	7.03501   	
0.707500	0         	0.707500	7.03487   	0.707500	0.228337  	0.707500	7.03487   	
0.708000	0         	0.708000	7.03473   	0.708000	0.228476  	0.708000	7.03473   	
0.708500	0         	0.708500	7.03459   	0.708500	0.228615  	0.708500	7.03459   	
0.709000	0         	0.709000	7.03445   	0.709000	0.228754  	0.709000	7.03445   	
0.709500	0         	0.709500	7.03431   	0.709500	0.228893  	0.709500	7.03431   	
0.710000	0         	0.710000	7.03417   	0.710000	0.229032  	0.710000	7.03417   	
0.710500	0         	0.710500	7.03404   	0.710500	0.229171  	0.710500	7.03404   	
0.711000	0         	0.711000	7.0339    	0.711000	0.22931   	0.711000	7.0339    	
0.711500	0         	0.711500	7.03376   	0.711500	0.229449  	0.711500	7.03376   	
0.712000	0         	0.712000	7.03362   	0.712000	0.229587  	0.712000	7.03362   	
0.712500	0         	0.712500	7.03348   	0.712500	0.229726  	0.712500	7.03348   	
0.713000	0         	0.713000	7.03334   	0.713000	0.229865  	0.713000	7.03334   	
0.713500	0         	0.713500	7.0332    	0.713500	0.230003  	0.713500	7.0332    	
0.714000	0         	0.714000	7.03307   	0.714000	0.230142  	0.714000	7.03307   	
0.714500	0         	0.714500	7.03293   	0.714500	0.23028   	0.714500	7.03293   	
0.715000	0         	0.715000	7.03279   	0.715000	0.230419  	0.715000	7.03279   	
0.715500	0         	0.715500	7.03265   	0.715500	0.230557  	0.715500	7.03265   	
0.716000	0         	0.716000	7.03251   	0.716000	0.230696  	0.716000	7.03251   	
0.716500	0         	0.716500	7.03237   	0.716500	0.230834  	0.716500	7.03237   	
0.717000	0         	0.717000	7.03223   	0.717000	0.230973  	0.717000	7.03223   	
0.717500	0         	0.717500	7.0321    	0.717500	0.231111  	0.717500	7.0321    	
0.718000	0         	0.718000	7.03196   	0.718000	0.231249  	0.718000	7.03196   	
0.718500	0         	0.718500	7.03182   	0.718500	0.231388  	0.718500	7.03182   	
0.719000	0         	0.719000	7.03168   	0.719000	0.231526  	0.719000	7.03168   	
0.719500	0         	0.719500	7.03154   	0.719500	0.231664  	0.719500	7.03154   	
0.720000	0         	0.720000	7.03141   	0.720000	0.231802  	0.720000	7.03141   	
0.720500	0         	0.720500	7.03127   	0.720500	0.23194   	0.720500	7.03127   	
0.721000	0         	0.721000	7.03113   	0.721000	0.232078  	0.721000	7.03113   	
0.721500	0         	0.721500	7.03099   	0.721500	0.232216  	0.721500	7.03099   	
0.722000	0         	0.722000	7.03085   	0.722000	0.232354  	0.722000	7.03085   	
0.722500	0         	0.722500	7.03072   	0.722500	0.232492  	0.722500	7.03072   	
0.723000	0         	0.723000	7.03058   	0.723000	0.232629  	0.723000	7.03058   	
0.723500	0         	0.723500	7.03044   	0.723500	0.232767  	0.723500	7.03044   	
0.724000	0         	0.724000	7.0303    	0.724000	0.232905  	0.724000	7.0303    	
0.724500	0         	0.724500	7.03016   	0.724500	0.233043  	0.724500	7.03016   	
0.725000	0         	0.725000	7.03003   	0.725000	0.23318   	0.725000	7.03003   	
0.725500	0         	0.725500	7.02989   	0.725500	0.233318  	0.725500	7.02989   	
0.726000	0         	0.726000	7.02975   	0.726000	0.233455  	0.726000	7.02975   	
0.726500	0         	0.726500	7.02961   	0.726500	0.233593  	0.726500	7.02961   	
0.727000	0         	0.727000	7.02948   	0.727000	0.23373   	0.727000	7.02948   	
0.727500	0         	0.727500	7.02934   	0.727500	0.233868  	0.727500	7.02934   	
0.728000	0         	0.728000	7.0292    	0.728000	0.234005  	0.728000	7.0292    	
0.728500	0         	0.728500	7.02906   	0.728500	0.234142  	0.728500	7.02906   	
0.729000	0         	0.729000	7.02893   	0.729000	0.23428   	0.729000	7.02893   	
0.729500	0         	0.729500	7.02879   	0.729500	0.234417  	0.729500	7.02879   	
0.730000	0         	0.730000	7.02865   	0.730000	0.234554  	0.730000	7.02865   	
0.730500	0         	0.730500	7.02852   	0.730500	0.234691  	0.730500	7.02852   	
0.731000	0         	0.731000	7.02838   	0.731000	0.234828  	0.731000	7.02838   	
0.731500	0         	0.731500	7.02824   	0.731500	0.234965  	0.731500	7.02824   	
0.732000	0         	0.732000	7.0281    	0.732000	0.235102  	0.732000	7.0281    	
0.732500	0         	0.732500	7.02797   	0.732500	0.235239  	0.732500	7.02797   	
0.733000	0         	0.733000	7.02783   	0.733000	0.235376  	0.733000	7.02783   	
0.733500	0         	0.733500	7.02769   	0.733500	0.235513  	0.733500	7.02769   	
0.734000	0         	0.734000	7.02756   	0.734000	0.23565   	0.734000	7.02756   	
0.734500	0         	0.734500	7.02742   	0.734500	0.235786  	0.734500	7.02742   	
0.735000	0         	0.735000	7.02728   	0.735000	0.235923  	0.735000	7.02728   	
0.735500	0         	0.735500	7.02715   	0.735500	0.236059  	0.735500	7.02715   	
0.736000	0         	0.736000	7.02701   	0.736000	0.236196  	0.736000	7.02701   	
0.736500	0         	0.736500	7.02687   	0.736500	0.236332  	0.736500	7.02687   	
0.737000	0         	0.737000	7.02674   	0.737000	0.236469  	0.737000	7.02674   	
0.737500	0         	0.737500	7.0266    	0.737500	0.236605  	0.737500	7.0266    	
0.738000	0         	0.738000	7.02647   	0.738000	0.236741  	0.738000	7.02647   	
0.738500	0         	0.738500	7.02633   	0.738500	0.236877  	0.738500	7.02633   	
0.739000	0         	0.739000	7.02619   	0.739000	0.237013  	0.739000	7.02619   	
0.739500	0         	0.739500	7.02606   	0.739500	0.237149  	0.739500	7.02606   	
0.740000	0         	0.740000	7.02592   	0.740000	0.237284  	0.740000	7.02592   	
0.740500	0         	0.740500	7.02579   	0.740500	0.23742   	0.740500	7.02579   	
0.741000	0         	0.741000	7.02565   	0.741000	0.237556  	0.741000	7.02565   	
0.741500	0         	0.741500	7.02552   	0.741500	0.237691  	0.741500	7.02552   	
0.742000	0         	0.742000	7.02538   	0.742000	0.237826  	0.742000	7.02538   	
0.742500	0         	0.742500	7.02525   	0.742500	0.237962  	0.742500	7.02525   	
0.743000	0         	0.743000	7.02511   	0.743000	0.238097  	0.743000	7.02511   	
0.743500	0         	0.743500	7.02497   	0.743500	0.238232  	0.743500	7.02497   	
0.744000	0         	0.744000	7.02484   	0.744000	0.238368  	0.744000	7.02484   	
0.744500	0         	0.744500	7.0247    	0.744500	0.238503  	0.744500	7.0247    	
0.745000	0         	0.745000	7.02457   	0.745000	0.238638  	0.745000	7.02457   	
0.745500	0         	0.745500	7.02443   	0.745500	0.238773  	0.745500	7.02443   	
0.746000	0         	0.746000	7.0243    	0.746000	0.238908  	0.746000	7.0243    	
0.746500	0         	0.746500	7.02416   	0.746500	0.239043  	0.746500	7.02416   	
0.747000	0         	0.747000	7.02403   	0.747000	0.239178  	0.747000	7.02403   	
0.747500	0         	0.747500	7.02389   	0.747500	0.239312  	0.747500	7.02389   	
0.748000	0         	0.748000	7.02376   	0.748000	0.239447  	0.748000	7.02376   	
0.748500	0         	0.748500	7.02363   	0.748500	0.239582  	0.748500	7.02363   	
0.749000	0         	0.749000	7.02349   	0.749000	0.239716  	0.749000	7.02349   	
0.749500	0         	0.749500	7.02336   	0.749500	0.239851  	0.749500	7.02336   	
0.750000	0         	0.750000	7.02322   	0.750000	0.239985  	0.750000	7.02322   	
0.750500	0         	0.750500	7.02309   	0.750500	0.24012   	0.750500	7.02309   	
0.751000	0         	0.751000	7.02295   	0.751000	0.240254  	0.751000	7.02295   	
0.751500	0         	0.751500	7.02282   	0.751500	0.240388  	0.751500	7.02282   	
0.752000	0         	0.752000	7.02268   	0.752000	0.240523  	0.752000	7.02268   	
0.752500	0         	0.752500	7.02255   	0.752500	0.240657  	0.752500	7.02255   	
0.753000	0         	0.753000	7.02242   	0.753000	0.240791  	0.753000	7.02242   	
0.753500	0         	0.753500	7.02228   	0.753500	0.240925  	0.753500	7.02228   	
0.754000	0         	0.754000	7.02215   	0.754000	0.241059  	0.754000	7.02215   	
0.754500	0         	0.754500	7.02201   	0.754500	0.241192  	0.754500	7.02201   	
0.755000	0         	0.755000	7.02188   	0.755000	0.241326  	0.755000	7.02188   	
0.755500	0         	0.755500	7.02175   	0.755500	0.24146   	0.755500	7.02175   	
0.756000	0         	0.756000	7.02161   	0.756000	0.241593  	0.756000	7.02161   	
0.756500	0         	0.756500	7.02148   	0.756500	0.241727  	0.756500	7.02148   	
0.757000	0         	0.757000	7.02135   	0.757000	0.24186   	0.757000	7.02135   	
0.757500	0         	0.757500	7.02121   	0.757500	0.241994  	0.757500	7.02121   	
0.758000	0         	0.758000	7.02108   	0.758000	0.242127  	0.758000	7.02108   	
0.758500	0         	0.758500	7.02095   	0.758500	0.24226   	0.758500	7.02095   	
0.759000	0         	0.759000	7.02081   	0.759000	0.242393  	0.759000	7.02081   	
0.759500	0         	0.759500	7.02068   	0.759500	0.242526  	0.759500	7.02068   	
0.760000	0         	0.760000	7.02055   	0.760000	0.242659  	0.760000	7.02055   	
0.760500	0         	0.760500	7.02041   	0.760500	0.242792  	0.760500	7.02041   	
0.761000	0         	0.761000	7.02028   	0.761000	0.242925  	0.761000	7.02028   	
0.761500	0         	0.761500	7.02015   	0.761500	0.243058  	0.761500	7.02015   	
0.762000	0         	0.762000	7.02002   	0.762000	0.243191  	0.762000	7.02002   	
0.762500	0         	0.762500	7.01988   	0.762500	0.243323  	0.762500	7.01988   	
0.763000	0         	0.763000	7.01975   	0.763000	0.243456  	0.763000	7.01975   	
0.763500	0         	0.763500	7.01962   	0.763500	0.243588  	0.763500	7.01962   	
0.764000	0         	0.764000	7.01949   	0.764000	0.24372   	0.764000	7.01949   	
0.764500	0         	0.764500	7.01935   	0.764500	0.243853  	0.764500	7.01935   	
0.765000	0         	0.765000	7.01922   	0.765000	0.243985  	0.765000	7.01922   	
0.765500	0         	0.765500	7.01909   	0.765500	0.244117  	0.765500	7.01909   	
0.766000	0         	0.766000	7.01896   	0.766000	0.244249  	0.766000	7.01896   	
0.766500	0         	0.766500	7.01883   	0.766500	0.244381  	0.766500	7.01883   	
0.767000	0         	0.767000	7.01869   	0.767000	0.244513  	0.767000	7.01869   	
0.767500	0         	0.767500	7.01856   	0.767500	0.244644  	0.767500	7.01856   	
0.768000	0         	0.768000	7.01843   	0.768000	0.244776  	0.768000	7.01843   	
0.768500	0         	0.768500	7.0183    	0.768500	0.244907  	0.768500	7.0183    	
0.769000	0         	0.769000	7.01817   	0.769000	0.245039  	0.769000	7.01817   	
0.769500	0         	0.769500	7.01804   	0.769500	0.24517   	0.769500	7.01804   	
0.770000	0         	0.770000	7.01791   	0.770000	0.245302  	0.770000	7.01791   	
0.770500	0         	0.770500	7.01777   	0.770500	0.245433  	0.770500	7.01777   	
0.771000	0         	0.771000	7.01764   	0.771000	0.245564  	0.771000	7.01764   	
0.771500	0         	0.771500	7.01751   	0.771500	0.245695  	0.771500	7.01751   	
0.772000	0         	0.772000	7.01738   	0.772000	0.245825  	0.772000	7.01738   	
0.772500	0         	0.772500	7.01725   	0.772500	0.245956  	0.772500	7.01725   	
0.773000	0         	0.773000	7.01712   	0.773000	0.246087  	0.773000	7.01712   	
0.773500	0         	0.773500	7.01699   	0.773500	0.246217  	0.773500	7.01699   	
0.774000	0         	0.774000	7.01686   	0.774000	0.246347  	0.774000	7.01686   	
0.774500	0         	0.774500	7.01673   	0.774500	0.246478  	0.774500	7.01673   	
0.775000	0         	0.775000	7.0166    	0.775000	0.246608  	0.775000	7.0166    	
0.775500	0         	0.775500	7.01647   	0.775500	0.246738  	0.775500	7.01647   	
0.776000	0         	0.776000	7.01634   	0.776000	0.246868  	0.776000	7.01634   	
0.776500	0         	0.776500	7.01621   	0.776500	0.246998  	0.776500	7.01621   	
0.777000	0         	0.777000	7.01608   	0.777000	0.247127  	0.777000	7.01608   	
0.777500	0         	0.777500	7.01595   	0.777500	0.247256  	0.777500	7.01595   	
0.778000	0         	0.778000	7.01582   	0.778000	0.247386  	0.778000	7.01582   	
0.778500	0         	0.778500	7.01569   	0.778500	0.247515  	0.778500	7.01569   	
0.779000	0         	0.779000	7.01556   	0.779000	0.247643  	0.779000	7.01556   	
0.779500	0         	0.779500	7.01543   	0.779500	0.247772  	0.779500	7.01543   	
0.780000	0         	0.780000	7.01531   	0.780000	0.247901  	0.780000	7.01531   	
0.780500	0         	0.780500	7.01518   	0.780500	0.248029  	0.780500	7.01518   	
0.781000	0         	0.781000	7.01505   	0.781000	0.248158  	0.781000	7.01505   	
0.781500	0         	0.781500	7.01492   	0.781500	0.248286  	0.781500	7.01492   	
0.782000	0         	0.782000	7.01479   	0.782000	0.248414  	0.782000	7.01479   	
0.782500	0         	0.782500	7.01466   	0.782500	0.248542  	0.782500	7.01466   	
0.783000	0         	0.783000	7.01454   	0.783000	0.24867   	0.783000	7.01454   	
0.783500	0         	0.783500	7.01441   	0.783500	0.248798  	0.783500	7.01441   	
0.784000	0         	0.784000	7.01428   	0.784000	0.248925  	0.784000	7.01428   	
0.784500	0         	0.784500	7.01415   	0.784500	0.249053  	0.784500	7.01415   	
0.785000	0         	0.785000	7.01403   	0.785000	0.24918   	0.785000	7.01403   	
0.785500	0         	0.785500	7.0139    	0.785500	0.249307  	0.785500	7.0139    	
0.786000	0         	0.786000	7.01377   	0.786000	0.249435  	0.786000	7.01377   	
0.786500	0         	0.786500	7.01365   	0.786500	0.249562  	0.786500	7.01365   	
0.787000	0         	0.787000	7.01352   	0.787000	0.249688  	0.787000	7.01352   	
0.787500	0         	0.787500	7.01339   	0.787500	0.249815  	0.787500	7.01339   	
0.788000	0         	0.788000	7.01327   	0.788000	0.249942  	0.788000	7.01327   	
0.788500	0         	0.788500	7.01314   	0.788500	0.250068  	0.788500	7.01314   	
0.789000	0         	0.789000	7.01301   	0.789000	0.250194  	0.789000	7.01301   	
0.789500	0         	0.789500	7.01289   	0.789500	0.25032   	0.789500	7.01289   	
0.790000	0         	0.790000	7.01276   	0.790000	0.250446  	0.790000	7.01276   	
0.790500	0         	0.790500	7.01264   	0.790500	0.250572  	0.790500	7.01264   	
0.791000	0         	0.791000	7.01251   	0.791000	0.250698  	0.791000	7.01251   	
0.791500	0         	0.791500	7.01238   	0.791500	0.250823  	0.791500	7.01238   	
0.792000	0         	0.792000	7.01226   	0.792000	0.250948  	0.792000	7.01226   	
0.792500	0         	0.792500	7.01213   	0.792500	0.251073  	0.792500	7.01213   	
0.793000	0         	0.793000	7.01201   	0.793000	0.251198  	0.793000	7.01201   	
0.793500	0         	0.793500	7.01188   	0.793500	0.251323  	0.793500	7.01188   	
0.794000	0         	0.794000	7.01176   	0.794000	0.251447  	0.794000	7.01176   	
0.794500	0         	0.794500	7.01164   	0.794500	0.251572  	0.794500	7.01164   	
0.795000	0         	0.795000	7.01151   	0.795000	0.251696  	0.795000	7.01151   	
0.795500	0         	0.795500	7.01139   	0.795500	0.25182   	0.795500	7.01139   	
0.796000	0         	0.796000	7.01126   	0.796000	0.251944  	0.796000	7.01126   	
0.796500	0         	0.796500	7.01114   	0.796500	0.252068  	0.796500	7.01114   	
0.797000	0         	0.797000	7.01102   	0.797000	0.252191  	0.797000	7.01102   	
0.797500	0         	0.797500	7.01089   	0.797500	0.252314  	0.797500	7.01089   	
0.798000	0         	0.798000	7.01077   	0.798000	0.252438  	0.798000	7.01077   	
0.798500	0         	0.798500	7.01065   	0.798500	0.25256   	0.798500	7.01065   	
0.799000	0         	0.799000	7.01052   	0.799000	0.252683  	0.799000	7.01052   	
0.799500	0         	0.799500	7.0104    	0.799500	0.252806  	0.799500	7.0104    	
0.800000	0         	0.800000	7.01028   	0.800000	0.252928  	0.800000	7.01028   	
0.800500	0         	0.800500	7.01016   	0.800500	0.25305   	0.800500	7.01016   	
0.801000	0         	0.801000	7.01003   	0.801000	0.253172  	0.801000	7.01003   	
0.801500	0         	0.801500	7.00991   	0.801500	0.253294  	0.801500	7.00991   	
0.802000	0         	0.802000	7.00979   	0.802000	0.253415  	0.802000	7.00979   	
0.802500	0         	0.802500	7.00967   	0.802500	0.253536  	0.802500	7.00967   	
0.803000	0         	0.803000	7.00955   	0.803000	0.253657  	0.803000	7.00955   	
0.803500	0         	0.803500	7.00943   	0.803500	0.253778  	0.803500	7.00943   	
0.804000	0         	0.804000	7.00931   	0.804000	0.253899  	0.804000	7.00931   	
0.804500	0         	0.804500	7.00919   	0.804500	0.254019  	0.804500	7.00919   	
0.805000	0         	0.805000	7.00907   	0.805000	0.254139  	0.805000	7.00907   	
0.805500	0         	0.805500	7.00895   	0.805500	0.254259  	0.805500	7.00895   	
0.806000	0         	0.806000	7.00883   	0.806000	0.254379  	0.806000	7.00883   	
0.806500	0         	0.806500	7.00871   	0.806500	0.254498  	0.806500	7.00871   	
0.807000	0         	0.807000	7.00859   	0.807000	0.254617  	0.807000	7.00859   	
0.807500	0         	0.807500	7.00847   	0.807500	0.254736  	0.807500	7.00847   	
0.808000	0         	0.808000	7.00835   	0.808000	0.254855  	0.808000	7.00835   	
0.808500	0         	0.808500	7.00823   	0.808500	0.254973  	0.808500	7.00823   	
0.809000	0         	0.809000	7.00812   	0.809000	0.255091  	0.809000	7.00812   	
0.809500	0         	0.809500	7.008     	0.809500	0.255209  	0.809500	7.008     	
0.810000	0         	0.810000	7.00788   	0.810000	0.255327  	0.810000	7.00788   	
0.810500	0         	0.810500	7.00776   	0.810500	0.255444  	0.810500	7.00776   	
0.811000	0         	0.811000	7.00765   	0.811000	0.255561  	0.811000	7.00765   	
0.811500	0         	0.811500	7.00753   	0.811500	0.255677  	0.811500	7.00753   	
0.812000	0         	0.812000	7.00741   	0.812000	0.255794  	0.812000	7.00741   	
0.812500	0         	0.812500	7.0073    	0.812500	0.25591   	0.812500	7.0073    	
0.813000	0         	0.813000	7.00718   	0.813000	0.256025  	0.813000	7.00718   	
0.813500	0         	0.813500	7.00707   	0.813500	0.256141  	0.813500	7.00707   	
0.814000	0         	0.814000	7.00695   	0.814000	0.256256  	0.814000	7.00695   	
0.814500	0         	0.814500	7.00684   	0.814500	0.25637   	0.814500	7.00684   	
0.815000	0         	0.815000	7.00672   	0.815000	0.256485  	0.815000	7.00672   	
0.815500	0         	0.815500	7.00661   	0.815500	0.256599  	0.815500	7.00661   	
0.816000	0         	0.816000	7.00649   	0.816000	0.256712  	0.816000	7.00649   	
0.816500	0         	0.816500	7.00638   	0.816500	0.256825  	0.816500	7.00638   	
0.817000	0         	0.817000	7.00627   	0.817000	0.256938  	0.817000	7.00627   	
0.817500	0         	0.817500	7.00616   	0.817500	0.257051  	0.817500	7.00616   	
0.818000	0         	0.818000	7.00604   	0.818000	0.257163  	0.818000	7.00604   	
0.818500	0         	0.818500	7.00593   	0.818500	0.257275  	0.818500	7.00593   	
0.819000	0         	0.819000	7.00582   	0.819000	0.257386  	0.819000	7.00582   	
0.819500	0         	0.819500	7.00571   	0.819500	0.257497  	0.819500	7.00571   	
0.820000	0         	0.820000	7.0056    	0.820000	0.257607  	0.820000	7.0056    	
0.820500	0         	0.820500	7.00549   	0.820500	0.257717  	0.820500	7.00549   	
0.821000	0         	0.821000	7.00538   	0.821000	0.257826  	0.821000	7.00538   	
0.821500	0         	0.821500	7.00527   	0.821500	0.257935  	0.821500	7.00527   	
0.822000	0         	0.822000	7.00516   	0.822000	0.258043  	0.822000	7.00516   	
0.822500	0         	0.822500	7.00506   	0.822500	0.258151  	0.822500	7.00506   	
0.823000	0         	0.823000	7.00495   	0.823000	0.258259  	0.823000	7.00495   	
0.823500	0         	0.823500	7.00484   	0.823500	0.258366  	0.823500	7.00484   	
0.824000	0         	0.824000	7.00474   	0.824000	0.258472  	0.824000	7.00474   	
0.824500	0         	0.824500	7.00463   	0.824500	0.258578  	0.824500	7.00463   	
0.825000	0         	0.825000	7.00452   	0.825000	0.258683  	0.825000	7.00452   	
0.825500	0         	0.825500	7.00442   	0.825500	0.258788  	0.825500	7.00442   	
0.826000	0         	0.826000	7.00431   	0.826000	0.258892  	0.826000	7.00431   	
0.826500	0         	0.826500	7.00421   	0.826500	0.258996  	0.826500	7.00421   	
0.827000	0         	0.827000	7.00411   	0.827000	0.259099  	0.827000	7.00411   	
0.827500	0         	0.827500	7.00401   	0.827500	0.259201  	0.827500	7.00401   	
0.828000	0         	0.828000	7.0039    	0.828000	0.259303  	0.828000	7.0039    	
0.828500	0         	0.828500	7.0038    	0.828500	0.259404  	0.828500	7.0038    	
0.829000	0         	0.829000	7.0037    	0.829000	0.259505  	0.829000	7.0037    	
0.829500	0         	0.829500	7.0036    	0.829500	0.259605  	0.829500	7.0036    	
0.830000	1.22945e-10	0.830000	7.0035    	0.830000	0.259704  	0.830000	7.0035    	
0.830500	1.03489e-08	0.830500	7.0034    	0.830500	0.259802  	0.830500	7.0034    	
0.831000	2.03595e-07	0.831000	7.00331   	0.831000	0.2599    	0.831000	7.00331   	
0.831500	2.64961e-05	0.831500	7.00317   	0.831500	0.260013  	0.831500	7.00319   	
0.832000	3.68046e-05	0.832000	7.00306   	0.832000	0.26011   	0.832000	7.0031    	
0.832500	0.000119072	0.832500	7.00288   	0.832500	0.260205  	0.832500	7.003     	
0.833000	0.000209131	0.833000	7.0027    	0.833000	0.260302  	0.833000	7.00291   	
0.833500	0.000372844	0.833500	7.00243   	0.833500	0.260408  	0.833500	7.0028    	
0.834000	0.000502621	0.834000	7.00216   	0.834000	0.260542  	0.834000	7.00267   	
0.834500	0.000583036	0.834500	7.00191   	0.834500	0.260711  	0.834500	7.0025    	
0.835000	0.000699144	0.835000	7.00159   	0.835000	0.260921  	0.835000	7.00229   	
0.835500	0.000900525	0.835500	7.00111   	0.835500	0.261195  	0.835500	7.00201   	
0.836000	0.00115332	0.836000	7.00053   	0.836000	0.261523  	0.836000	7.00168   	
0.836500	0.00146849	0.836500	6.99984   	0.836500	0.261896  	0.836500	7.00131   	
0.837000	0.00185885	0.837000	6.99901   	0.837000	0.262338  	0.837000	7.00087   	
0.837500	0.0023395 	0.837500	6.99799   	0.837500	0.262877  	0.837500	7.00033   	
0.838000	0.00292793	0.838000	6.99674   	0.838000	0.263538  	0.838000	6.99967   	
0.838500	0.00364368	0.838500	6.99521   	0.838500	0.264351  	0.838500	6.99886   	
0.839000	0.00450871	0.839000	6.99335   	0.839000	0.265351  	0.839000	6.99786   	
0.839500	0.00554772	0.839500	6.99108   	0.839500	0.266577  	0.839500	6.99663   	
0.840000	0.00678865	0.840000	6.98834   	0.840000	0.26808   	0.840000	6.99513   	
0.840500	0.00826094	0.840500	6.98503   	0.840500	0.269918  	0.840500	6.99329   	
0.841000	0.00999507	0.841000	6.98106   	0.841000	0.272151  	0.841000	6.99106   	
0.841500	0.0120233 	0.841500	6.97633   	0.841500	0.274852  	0.841500	6.98835   	
0.842000	0.0143821 	0.842000	6.97072   	0.842000	0.278106  	0.842000	6.9851    	
0.842500	0.0171063 	0.842500	6.9641    	0.842500	0.282001  	0.842500	6.98121   	
0.843000	0.0202313 	0.843000	6.95634   	0.843000	0.286638  	0.843000	6.97657   	
0.843500	0.0237958 	0.843500	6.94728   	0.843500	0.292128  	0.843500	6.97108   	
0.844000	0.0278359 	0.844000	6.93678   	0.844000	0.298593  	0.844000	6.96461   	
0.844500	0.0323914 	0.844500	6.92465   	0.844500	0.306161  	0.844500	6.95705   	
0.845000	0.0374735 	0.845000	6.91078   	0.845000	0.314951  	0.845000	6.94826   	
0.845500	0.0431422 	0.845500	6.89494   	0.845500	0.325129  	0.845500	6.93808   	
0.846000	0.0494114 	0.846000	6.87695   	0.846000	0.336847  	0.846000	6.92636   	
0.846500	0.0562998 	0.846500	6.8567    	0.846500	0.350204  	0.846500	6.913     	
0.847000	0.0638462 	0.847000	6.83398   	0.847000	0.365385  	0.847000	6.89782   	
0.847500	0.0720178 	0.847500	6.80868   	0.847500	0.382506  	0.847500	6.8807    	
0.848000	0.0808666 	0.848000	6.78062   	0.848000	0.401722  	0.848000	6.86148   	
0.848500	0.0903736 	0.848500	6.74969   	0.848500	0.423142  	0.848500	6.84007   	
0.849000	0.100524  	0.849000	6.71585   	0.849000	0.446835  	0.849000	6.81637   	
0.849500	0.111328  	0.849500	6.67893   	0.849500	0.472945  	0.849500	6.79026   	
0.850000	0.122772  	0.850000	6.6389    	0.850000	0.501534  	0.850000	6.76167   	
0.850500	0.134834  	0.850500	6.59572   	0.850500	0.532649  	0.850500	6.73056   	
0.851000	0.14751   	0.851000	6.5494    	0.851000	0.566299  	0.851000	6.69691   	
0.851500	0.160613  	0.851500	6.50009   	0.851500	0.602504  	0.851500	6.6607    	
0.852000	0.174167  	0.852000	6.4479    	0.852000	0.641136  	0.852000	6.62207   	
0.852500	0.188058  	0.852500	6.39339   	0.852500	0.681756  	0.852500	6.58145   	
0.853000	0.202229  	0.853000	6.3372    	0.853000	0.723774  	0.853000	6.53943   	
0.853500	0.216634  	0.853500	6.2802    	0.853500	0.766375  	0.853500	6.49683   	
0.854000	0.231217  	0.854000	6.22336   	0.854000	0.808625  	0.854000	6.45458   	
0.854500	0.245916  	0.854500	6.16773   	0.854500	0.849563  	0.854500	6.41364   	
0.855000	0.260783  	0.855000	6.11391   	0.855000	0.88851   	0.855000	6.3747    	
0.855500	0.275907  	0.855500	6.06251   	0.855500	0.924788  	0.855500	6.33842   	
0.856000	0.291619  	0.856000	6.01275   	0.856000	0.958839  	0.856000	6.30437   	
0.856500	0.307817  	0.856500	5.96168   	0.856500	0.993712  	0.856500	6.2695    	
0.857000	0.324475  	0.857000	5.91147   	0.857000	1.02726   	0.857000	6.23595   	
0.857500	0.34165   	0.857500	5.86474   	0.857500	1.05682   	0.857500	6.20639   	
0.858000	0.359444  	0.858000	5.82294   	0.858000	1.08082   	0.858000	6.18239   	
0.858500	0.377886  	0.858500	5.78786   	0.858500	1.09746   	0.858500	6.16574   	
0.859000	0.397078  	0.859000	5.76104   	0.859000	1.10508   	0.859000	6.15812   	
0.859500	0.41723   	0.859500	5.74318   	0.859500	1.10279   	0.859500	6.16041   	
0.860000	0.438693  	0.860000	5.73318   	0.860000	1.09133   	0.860000	6.17187   	
0.860500	0.461946  	0.860500	5.72805   	0.860500	1.07321   	0.860500	6.19      	
0.861000	0.487611  	0.861000	5.72431   	0.861000	1.05129   	0.861000	6.21192   	
0.861500	0.516289  	0.861500	5.71816   	0.861500	1.02876   	0.861500	6.23445   	
0.862000	0.548808  	0.862000	5.70705   	0.862000	1.00735   	0.862000	6.25586   	
0.862500	0.585462  	0.862500	5.69062   	0.862500	0.98712   	0.862500	6.27609   	
0.863000	0.626309  	0.863000	5.6677    	0.863000	0.969194  	0.863000	6.29401   	
0.863500	0.673443  	0.863500	5.63453   	0.863500	0.955231  	0.863500	6.30798   	
0.864000	0.723197  	0.864000	5.58828   	0.864000	0.951727  	0.864000	6.31148   	
0.864500	0.782608  	0.864500	5.5169    	0.864500	0.9637    	0.864500	6.29951   	
0.865000	0.847849  	0.865000	5.41639   	0.865000	0.998973  	0.865000	6.26423   	
0.865500	0.89323   	0.865500	5.30624   	0.865500	1.06373   	0.865500	6.19947   	
0.866000	0.959092  	0.866000	5.14157   	0.866000	1.16255   	0.866000	6.10066   	
0.866500	0.994222  	0.866500	4.97112   	0.866500	1.29787   	0.866500	5.96534   	
0.867000	1.038     	0.867000	4.74655   	0.867000	1.47866   	0.867000	5.78455   	
0.867500	1.06836   	0.867500	4.50819   	0.867500	1.68666   	0.867500	5.57655   	
0.868000	1.0938    	0.868000	4.2319    	0.868000	1.93751   	0.868000	5.3257    	
0.868500	1.11265   	0.868500	3.93289   	0.868500	2.21767   	0.868500	5.04553   	
0.869000	1.12713   	0.869000	3.59523   	0.869000	2.54085   	0.869000	4.72236   	
0.869500	1.13781   	0.869500	3.23793   	0.869500	2.88746   	0.869500	4.37574   	
0.870000	1.14288   	0.870000	2.87651   	0.870000	3.24382   	0.870000	4.01939   	
0.870500	1.14156   	0.870500	2.52205   	0.870500	3.59959   	0.870500	3.66362   	
0.871000	1.13368   	0.871000	2.1881    	0.871000	3.94143   	0.871000	3.32178   	
0.871500	1.33776   	0.871500	0.865854  	0.871500	5.0596    	0.871500	2.20361   	
0.872000	1.2942    	0.872000	0.573671  	0.872000	5.39534   	0.872000	1.86787   	
0.872500	1.22797   	0.872500	0.309471  	0.872500	5.72577   	0.872500	1.53744   	
0.873000	1.15958   	0.873000	0.0768477 	0.873000	6.02678   	0.873000	1.23643   	
0.873500	0.97801   	0.873500	0.00151924	0.873500	6.28368   	0.873500	0.979529  	
0.874000	0.719335  	0.874000	3.35413e-08	0.874000	6.54387   	0.874000	0.719335  	
0.874500	0.49454   	0.874500	0         	0.874500	6.76867   	0.874500	0.49454   	
0.875000	0.29901   	0.875000	0         	0.875000	6.9642    	0.875000	0.29901   	
0.875500	0.300608  	0.875500	0         	0.875500	6.9626    	0.875500	0.300608  	
0.876000	0.0049031 	0.876000	0         	0.876000	7.2583    	0.876000	0.0049031 	
0.876500	1.14931e-06	0.876500	0         	0.876500	7.26321   	0.876500	1.14931e-06	
0.877000	0.0361705 	0.877000	0         	0.877000	7.22704   	0.877000	0.0361705 	
0.877500	0.0184687 	0.877500	0         	0.877500	7.24474   	0.877500	0.0184687 	
0.878000	0.0101336 	0.878000	0         	0.878000	7.25307   	0.878000	0.0101336 	
0.878500	0.00578081	0.878500	0         	0.878500	7.25743   	0.878500	0.00578081	
0.879000	0.00301774	0.879000	0         	0.879000	7.26019   	0.879000	0.00301774	
0.879500	6.78473e-17	0.879500	0         	0.879500	7.26321   	0.879500	6.78473e-17	
0.880000	0         	0.880000	0         	0.880000	7.26321   	0.880000	0         	
0.880500	0         	0.880500	0         	0.880500	7.26321   	0.880500	0         	
0.881000	0         	0.881000	0         	0.881000	7.26321   	0.881000	0         	
0.881500	0         	0.881500	0         	0.881500	7.26321   	0.881500	0         	
0.882000	0         	0.882000	0         	0.882000	7.26321   	0.882000	0         	
0.882500	0         	0.882500	0         	0.882500	7.26321   	0.882500	0         	
0.883000	0         	0.883000	0         	0.883000	7.26321   	0.883000	0         	
0.883500	0         	0.883500	0         	0.883500	7.26321   	0.883500	0         	
0.884000	0         	0.884000	0         	0.884000	7.26321   	0.884000	0         	
0.884500	0         	0.884500	0         	0.884500	7.26321   	0.884500	0         	
0.885000	0         	0.885000	0         	0.885000	7.26321   	0.885000	0         	
0.885500	0         	0.885500	0         	0.885500	7.26321   	0.885500	0         	
0.886000	0         	0.886000	0         	0.886000	7.26321   	0.886000	0         	
0.886500	0         	0.886500	0         	0.886500	7.26321   	0.886500	0         	
0.887000	0         	0.887000	0         	0.887000	7.26321   	0.887000	0         	
0.887500	0         	0.887500	0         	0.887500	7.26321   	0.887500	0         	
0.888000	0         	0.888000	0         	0.888000	7.26321   	0.888000	0         	
0.888500	0         	0.888500	0         	0.888500	7.26321   	0.888500	0         	
0.889000	0         	0.889000	0         	0.889000	7.26321   	0.889000	0         	
0.889500	0         	0.889500	0         	0.889500	7.26321   	0.889500	0         	
0.890000	0         	0.890000	0         	0.890000	7.26321   	0.890000	0         	
0.890500	0         	0.890500	0         	0.890500	7.26321   	0.890500	0         	
0.891000	0         	0.891000	0         	0.891000	7.26321   	0.891000	0         	
0.891500	0         	0.891500	0         	0.891500	7.26321   	0.891500	0         	
0.892000	0         	0.892000	0         	0.892000	7.26321   	0.892000	0         	
0.892500	0         	0.892500	0         	0.892500	7.26321   	0.892500	0         	
0.893000	0         	0.893000	0         	0.893000	7.26321   	0.893000	0         	
0.893500	0         	0.893500	0         	0.893500	7.26321   	0.893500	0         	
0.894000	0         	0.894000	0         	0.894000	7.26321   	0.894000	0         	
0.894500	0         	0.894500	0         	0.894500	7.26321   	0.894500	0         	
0.895000	0         	0.895000	0         	0.895000	7.26321   	0.895000	0         	
0.895500	0         	0.895500	0         	0.895500	7.26321   	0.895500	0         	
0.896000	0         	0.896000	0         	0.896000	7.26321   	0.896000	0         	
0.896500	0         	0.896500	0         	0.896500	7.26321   	0.896500	0         	
0.897000	0         	0.897000	0         	0.897000	7.26321   	0.897000	0         	
0.897500	0         	0.897500	0         	0.897500	7.26321   	0.897500	0         	
0.898000	0         	0.898000	0         	0.898000	7.26321   	0.898000	0         	
0.898500	0         	0.898500	0         	0.898500	7.26321   	0.898500	0         	
0.899000	0         	0.899000	0         	0.899000	7.26321   	0.899000	0         	
0.899500	0         	0.899500	0         	0.899500	7.26321   	0.899500	0         	
0.900000	0         	0.900000	0         	0.900000	7.26321   	0.900000	0         	
0.900500	0         	0.900500	0         	0.900500	7.26321   	0.900500	0         	
0.901000	0         	0.901000	0         	0.901000	7.26321   	0.901000	0         	
0.901500	0         	0.901500	0         	0.901500	7.26321   	0.901500	0         	
0.902000	0         	0.902000	0         	0.902000	7.26321   	0.902000	0         	
0.902500	0         	0.902500	0         	0.902500	7.26321   	0.902500	0         	
0.903000	0         	0.903000	0         	0.903000	7.26321   	0.903000	0         	
0.903500	0         	0.903500	0         	0.903500	7.26321   	0.903500	0         	
0.904000	0         	0.904000	0         	0.904000	7.26321   	0.904000	0         	
0.904500	0         	0.904500	0         	0.904500	7.26321   	0.904500	0         	
0.905000	0         	0.905000	0         	0.905000	7.26321   	0.905000	0         	
0.905500	0         	0.905500	0         	0.905500	7.26321   	0.905500	0         	
0.906000	0         	0.906000	0         	0.906000	7.26321   	0.906000	0         	
0.906500	0         	0.906500	0         	0.906500	7.26321   	0.906500	0         	
0.907000	0         	0.907000	0         	0.907000	7.26321   	0.907000	0         	
0.907500	0         	0.907500	0         	0.907500	7.26321   	0.907500	0         	
0.908000	0         	0.908000	0         	0.908000	7.26321   	0.908000	0         	
0.908500	0         	0.908500	0         	0.908500	7.26321   	0.908500	0         	
0.909000	0         	0.909000	0         	0.909000	7.26321   	0.909000	0         	
0.909500	0         	0.909500	0         	0.909500	7.26321   	0.909500	0         	
0.910000	0         	0.910000	0         	0.910000	7.26321   	0.910000	0         	
0.910500	0         	0.910500	0         	0.910500	7.26321   	0.910500	0         	
0.911000	0         	0.911000	0         	0.911000	7.26321   	0.911000	0         	
0.911500	0         	0.911500	0         	0.911500	7.26321   	0.911500	0         	
0.912000	0         	0.912000	0         	0.912000	7.26321   	0.912000	0         	
0.912500	0         	0.912500	0         	0.912500	7.26321   	0.912500	0         	
0.913000	0         	0.913000	0         	0.913000	7.26321   	0.913000	0         	
0.913500	0         	0.913500	0         	0.913500	7.26321   	0.913500	0         	
0.914000	0         	0.914000	0         	0.914000	7.26321   	0.914000	0         	
0.914500	0         	0.914500	0         	0.914500	7.26321   	0.914500	0         	
0.915000	0         	0.915000	0         	0.915000	7.26321   	0.915000	0         	
0.915500	0         	0.915500	0         	0.915500	7.26321   	0.915500	0         	
0.916000	0         	0.916000	0         	0.916000	7.26321   	0.916000	0         	
0.916500	0         	0.916500	0         	0.916500	7.26321   	0.916500	0         	
0.917000	0         	0.917000	0         	0.917000	7.26321   	0.917000	0         	
0.917500	0         	0.917500	0         	0.917500	7.26321   	0.917500	0         	
0.918000	0         	0.918000	0         	0.918000	7.26321   	0.918000	0         	
0.918500	0         	0.918500	0         	0.918500	7.26321   	0.918500	0         	
0.919000	0         	0.919000	0         	0.919000	7.26321   	0.919000	0         	
0.919500	0         	0.919500	0         	0.919500	7.26321   	0.919500	0         	
0.920000	0         	0.920000	0         	0.920000	7.26321   	0.920000	0         	
0.920500	0         	0.920500	0         	0.920500	7.26321   	0.920500	0         	
0.921000	0         	0.921000	0         	0.921000	7.26321   	0.921000	0         	
0.921500	0         	0.921500	0         	0.921500	7.26321   	0.921500	0         	
0.922000	0         	0.922000	0         	0.922000	7.26321   	0.922000	0         	
0.922500	0         	0.922500	0         	0.922500	7.26321   	0.922500	0         	
0.923000	0         	0.923000	0         	0.923000	7.26321   	0.923000	0         	
0.923500	0         	0.923500	0         	0.923500	7.26321   	0.923500	0         	
0.924000	0         	0.924000	0         	0.924000	7.26321   	0.924000	0         	
0.924500	0         	0.924500	0         	0.924500	7.26321   	0.924500	0         	
0.925000	0         	0.925000	0         	0.925000	7.26321   	0.925000	0         	
0.925500	0         	0.925500	0         	0.925500	7.26321   	0.925500	0         	
0.926000	0         	0.926000	0         	0.926000	7.26321   	0.926000	0         	
0.926500	0         	0.926500	0         	0.926500	7.26321   	0.926500	0         	
0.927000	0         	0.927000	0         	0.927000	7.26321   	0.927000	0         	
0.927500	0         	0.927500	0         	0.927500	7.26321   	0.927500	0         	
0.928000	0         	0.928000	0         	0.928000	7.26321   	0.928000	0         	
0.928500	0         	0.928500	0         	0.928500	7.26321   	0.928500	0         	
0.929000	0         	0.929000	0         	0.929000	7.26321   	0.929000	0         	
0.929500	0         	0.929500	0         	0.929500	7.26321   	0.929500	0         	
0.930000	0         	0.930000	0         	0.930000	7.26321   	0.930000	0         	
0.930500	0         	0.930500	0         	0.930500	7.26321   	0.930500	0         	
0.931000	0         	0.931000	0         	0.931000	7.26321   	0.931000	0         	
0.931500	0         	0.931500	0         	0.931500	7.26321   	0.931500	0         	
0.932000	0         	0.932000	0         	0.932000	7.26321   	0.932000	0         	
0.932500	0         	0.932500	0         	0.932500	7.26321   	0.932500	0         	
0.933000	0         	0.933000	0         	0.933000	7.26321   	0.933000	0         	
0.933500	0         	0.933500	0         	0.933500	7.26321   	0.933500	0         	
0.934000	0         	0.934000	0         	0.934000	7.26321   	0.934000	0         	
0.934500	0         	0.934500	0         	0.934500	7.26321   	0.934500	0         	
0.935000	0         	0.935000	0         	0.935000	7.26321   	0.935000	0         	
0.935500	0         	0.935500	0         	0.935500	7.26321   	0.935500	0         	
0.936000	0         	0.936000	0         	0.936000	7.26321   	0.936000	0         	
0.936500	0         	0.936500	0         	0.936500	7.26321   	0.936500	0         	
0.937000	0         	0.937000	0         	0.937000	7.26321   	0.937000	0         	
0.937500	0         	0.937500	0         	0.937500	7.26321   	0.937500	0         	
0.938000	0         	0.938000	0         	0.938000	7.26321   	0.938000	0         	
0.938500	0         	0.938500	0         	0.938500	7.26321   	0.938500	0         	
0.939000	0         	0.939000	0         	0.939000	7.26321   	0.939000	0         	
0.939500	0         	0.939500	0         	0.939500	7.26321   	0.939500	0         	
0.940000	0         	0.940000	0         	0.940000	7.26321   	0.940000	0         	
0.940500	0         	0.940500	0         	0.940500	7.26321   	0.940500	0         	
0.941000	0         	0.941000	0         	0.941000	7.26321   	0.941000	0         	
0.941500	0         	0.941500	0         	0.941500	7.26321   	0.941500	0         	
0.942000	0         	0.942000	0         	0.942000	7.26321   	0.942000	0         	
0.942500	0         	0.942500	0         	0.942500	7.26321   	0.942500	0         	
0.943000	0         	0.943000	0         	0.943000	7.26321   	0.943000	0         	
0.943500	0         	0.943500	0         	0.943500	7.26321   	0.943500	0         	
0.944000	0         	0.944000	0         	0.944000	7.26321   	0.944000	0         	
0.944500	0         	0.944500	0         	0.944500	7.26321   	0.944500	0         	
0.945000	0         	0.945000	0         	0.945000	7.26321   	0.945000	0         	
0.945500	0         	0.945500	0         	0.945500	7.26321   	0.945500	0         	
0.946000	0         	0.946000	0         	0.946000	7.26321   	0.946000	0         	
0.946500	0         	0.946500	0         	0.946500	7.26321   	0.946500	0         	
0.947000	0         	0.947000	0         	0.947000	7.26321   	0.947000	0         	
0.947500	0         	0.947500	0         	0.947500	7.26321   	0.947500	0         	
0.948000	0         	0.948000	0         	0.948000	7.26321   	0.948000	0         	
0.948500	0         	0.948500	0         	0.948500	7.26321   	0.948500	0         	
0.949000	0         	0.949000	0         	0.949000	7.26321   	0.949000	0         	
0.949500	0         	0.949500	0         	0.949500	7.26321   	0.949500	0         	
0.950000	0         	0.950000	0         	0.950000	7.26321   	0.950000	0         	
0.950500	0         	0.950500	0         	0.950500	7.26321   	0.950500	0         	
0.951000	0         	0.951000	0         	0.951000	7.26321   	0.951000	0         	
0.951500	0         	0.951500	0         	0.951500	7.26321   	0.951500	0         	
0.952000	0         	0.952000	0         	0.952000	7.26321   	0.952000	0         	
0.952500	0         	0.952500	0         	0.952500	7.26321   	0.952500	0         	
0.953000	0         	0.953000	0         	0.953000	7.26321   	0.953000	0         	
0.953500	0         	0.953500	0         	0.953500	7.26321   	0.953500	0         	
0.954000	0         	0.954000	0         	0.954000	7.26321   	0.954000	0         	
0.954500	0         	0.954500	0         	0.954500	7.26321   	0.954500	0         	
0.955000	0         	0.955000	0         	0.955000	7.26321   	0.955000	0         	
0.955500	0         	0.955500	0         	0.955500	7.26321   	0.955500	0         	
0.956000	0         	0.956000	0         	0.956000	7.26321   	0.956000	0         	
0.956500	0         	0.956500	0         	0.956500	7.26321   	0.956500	0         	
0.957000	0         	0.957000	0         	0.957000	7.26321   	0.957000	0         	
0.957500	0         	0.957500	0         	0.957500	7.26321   	0.957500	0         	
0.958000	0         	0.958000	0         	0.958000	7.26321   	0.958000	0         	
0.958500	0         	0.958500	0         	0.958500	7.26321   	0.958500	0         	
0.959000	0         	0.959000	0         	0.959000	7.26321   	0.959000	0         	
0.959500	0         	0.959500	0         	0.959500	7.26321   	0.959500	0         	
0.960000	0         	0.960000	0         	0.960000	7.26321   	0.960000	0         	
