Thickness of SUS flat deg [mm]1	(B-C) stopped in THIS detector	Thickness of SUS flat deg [mm]2	(C)   yield after THIS detector 	Thickness of SUS flat deg [mm]3	(A-B) stopped before THIS detector	Thickness of SUS flat deg [mm]4	(B)   yield before THIS detector	
0.660000	0         	0.660000	1.26648   	0.660000	0.0386646 	0.660000	1.26648   	
0.660500	0         	0.660500	1.26645   	0.660500	0.0386891 	0.660500	1.26645   	
0.661000	0         	0.661000	1.26643   	0.661000	0.0387135 	0.661000	1.26643   	
0.661500	0         	0.661500	1.26641   	0.661500	0.038738  	0.661500	1.26641   	
0.662000	0         	0.662000	1.26638   	0.662000	0.0387624 	0.662000	1.26638   	
0.662500	0         	0.662500	1.26636   	0.662500	0.0387868 	0.662500	1.26636   	
0.663000	0         	0.663000	1.26633   	0.663000	0.0388112 	0.663000	1.26633   	
0.663500	0         	0.663500	1.26631   	0.663500	0.0388356 	0.663500	1.26631   	
0.664000	0         	0.664000	1.26628   	0.664000	0.03886   	0.664000	1.26628   	
0.664500	0         	0.664500	1.26626   	0.664500	0.0388844 	0.664500	1.26626   	
0.665000	0         	0.665000	1.26623   	0.665000	0.0389087 	0.665000	1.26623   	
0.665500	0         	0.665500	1.26621   	0.665500	0.0389331 	0.665500	1.26621   	
0.666000	0         	0.666000	1.26619   	0.666000	0.0389574 	0.666000	1.26619   	
0.666500	0         	0.666500	1.26616   	0.666500	0.0389817 	0.666500	1.26616   	
0.667000	0         	0.667000	1.26614   	0.667000	0.039006  	0.667000	1.26614   	
0.667500	0         	0.667500	1.26611   	0.667500	0.0390303 	0.667500	1.26611   	
0.668000	0         	0.668000	1.26609   	0.668000	0.0390546 	0.668000	1.26609   	
0.668500	0         	0.668500	1.26606   	0.668500	0.0390789 	0.668500	1.26606   	
0.669000	0         	0.669000	1.26604   	0.669000	0.0391031 	0.669000	1.26604   	
0.669500	0         	0.669500	1.26602   	0.669500	0.0391274 	0.669500	1.26602   	
0.670000	0         	0.670000	1.26599   	0.670000	0.0391516 	0.670000	1.26599   	
0.670500	0         	0.670500	1.26597   	0.670500	0.0391758 	0.670500	1.26597   	
0.671000	0         	0.671000	1.26594   	0.671000	0.0392    	0.671000	1.26594   	
0.671500	0         	0.671500	1.26592   	0.671500	0.0392242 	0.671500	1.26592   	
0.672000	0         	0.672000	1.26589   	0.672000	0.0392484 	0.672000	1.26589   	
0.672500	0         	0.672500	1.26587   	0.672500	0.0392726 	0.672500	1.26587   	
0.673000	0         	0.673000	1.26585   	0.673000	0.0392967 	0.673000	1.26585   	
0.673500	0         	0.673500	1.26582   	0.673500	0.0393209 	0.673500	1.26582   	
0.674000	0         	0.674000	1.2658    	0.674000	0.039345  	0.674000	1.2658    	
0.674500	0         	0.674500	1.26577   	0.674500	0.0393691 	0.674500	1.26577   	
0.675000	0         	0.675000	1.26575   	0.675000	0.0393932 	0.675000	1.26575   	
0.675500	0         	0.675500	1.26573   	0.675500	0.0394173 	0.675500	1.26573   	
0.676000	0         	0.676000	1.2657    	0.676000	0.0394413 	0.676000	1.2657    	
0.676500	0         	0.676500	1.26568   	0.676500	0.0394654 	0.676500	1.26568   	
0.677000	0         	0.677000	1.26565   	0.677000	0.0394894 	0.677000	1.26565   	
0.677500	0         	0.677500	1.26563   	0.677500	0.0395134 	0.677500	1.26563   	
0.678000	0         	0.678000	1.26561   	0.678000	0.0395374 	0.678000	1.26561   	
0.678500	0         	0.678500	1.26558   	0.678500	0.0395614 	0.678500	1.26558   	
0.679000	0         	0.679000	1.26556   	0.679000	0.0395854 	0.679000	1.26556   	
0.679500	0         	0.679500	1.26553   	0.679500	0.0396094 	0.679500	1.26553   	
0.680000	0         	0.680000	1.26551   	0.680000	0.0396333 	0.680000	1.26551   	
0.680500	0         	0.680500	1.26549   	0.680500	0.0396572 	0.680500	1.26549   	
0.681000	0         	0.681000	1.26546   	0.681000	0.0396811 	0.681000	1.26546   	
0.681500	0         	0.681500	1.26544   	0.681500	0.039705  	0.681500	1.26544   	
0.682000	0         	0.682000	1.26541   	0.682000	0.0397289 	0.682000	1.26541   	
0.682500	0         	0.682500	1.26539   	0.682500	0.0397527 	0.682500	1.26539   	
0.683000	0         	0.683000	1.26537   	0.683000	0.0397766 	0.683000	1.26537   	
0.683500	0         	0.683500	1.26534   	0.683500	0.0398004 	0.683500	1.26534   	
0.684000	0         	0.684000	1.26532   	0.684000	0.0398242 	0.684000	1.26532   	
0.684500	0         	0.684500	1.2653    	0.684500	0.0398479 	0.684500	1.2653    	
0.685000	0         	0.685000	1.26527   	0.685000	0.0398717 	0.685000	1.26527   	
0.685500	0         	0.685500	1.26525   	0.685500	0.0398955 	0.685500	1.26525   	
0.686000	0         	0.686000	1.26522   	0.686000	0.0399192 	0.686000	1.26522   	
0.686500	0         	0.686500	1.2652    	0.686500	0.0399429 	0.686500	1.2652    	
0.687000	0         	0.687000	1.26518   	0.687000	0.0399666 	0.687000	1.26518   	
0.687500	0         	0.687500	1.26515   	0.687500	0.0399903 	0.687500	1.26515   	
0.688000	0         	0.688000	1.26513   	0.688000	0.0400139 	0.688000	1.26513   	
0.688500	0         	0.688500	1.26511   	0.688500	0.0400376 	0.688500	1.26511   	
0.689000	0         	0.689000	1.26508   	0.689000	0.0400612 	0.689000	1.26508   	
0.689500	0         	0.689500	1.26506   	0.689500	0.0400847 	0.689500	1.26506   	
0.690000	0         	0.690000	1.26503   	0.690000	0.0401082 	0.690000	1.26503   	
0.690500	0         	0.690500	1.26501   	0.690500	0.0401318 	0.690500	1.26501   	
0.691000	0         	0.691000	1.26499   	0.691000	0.0401552 	0.691000	1.26499   	
0.691500	0         	0.691500	1.26496   	0.691500	0.0401787 	0.691500	1.26496   	
0.692000	0         	0.692000	1.26494   	0.692000	0.0402022 	0.692000	1.26494   	
0.692500	0         	0.692500	1.26492   	0.692500	0.0402256 	0.692500	1.26492   	
0.693000	0         	0.693000	1.26489   	0.693000	0.040249  	0.693000	1.26489   	
0.693500	0         	0.693500	1.26487   	0.693500	0.0402724 	0.693500	1.26487   	
0.694000	0         	0.694000	1.26485   	0.694000	0.0402958 	0.694000	1.26485   	
0.694500	0         	0.694500	1.26482   	0.694500	0.0403191 	0.694500	1.26482   	
0.695000	0         	0.695000	1.2648    	0.695000	0.0403424 	0.695000	1.2648    	
0.695500	0         	0.695500	1.26478   	0.695500	0.0403657 	0.695500	1.26478   	
0.696000	0         	0.696000	1.26475   	0.696000	0.040389  	0.696000	1.26475   	
0.696500	0         	0.696500	1.26473   	0.696500	0.0404123 	0.696500	1.26473   	
0.697000	0         	0.697000	1.26471   	0.697000	0.0404355 	0.697000	1.26471   	
0.697500	0         	0.697500	1.26468   	0.697500	0.0404587 	0.697500	1.26468   	
0.698000	0         	0.698000	1.26466   	0.698000	0.0404819 	0.698000	1.26466   	
0.698500	0         	0.698500	1.26464   	0.698500	0.0405051 	0.698500	1.26464   	
0.699000	0         	0.699000	1.26461   	0.699000	0.0405282 	0.699000	1.26461   	
0.699500	0         	0.699500	1.26459   	0.699500	0.0405513 	0.699500	1.26459   	
0.700000	0         	0.700000	1.26457   	0.700000	0.0405744 	0.700000	1.26457   	
0.700500	0         	0.700500	1.26455   	0.700500	0.0405975 	0.700500	1.26455   	
0.701000	0         	0.701000	1.26452   	0.701000	0.0406206 	0.701000	1.26452   	
0.701500	0         	0.701500	1.2645    	0.701500	0.0406436 	0.701500	1.2645    	
0.702000	0         	0.702000	1.26448   	0.702000	0.0406666 	0.702000	1.26448   	
0.702500	0         	0.702500	1.26445   	0.702500	0.0406896 	0.702500	1.26445   	
0.703000	0         	0.703000	1.26443   	0.703000	0.0407125 	0.703000	1.26443   	
0.703500	0         	0.703500	1.26441   	0.703500	0.0407354 	0.703500	1.26441   	
0.704000	0         	0.704000	1.26438   	0.704000	0.0407583 	0.704000	1.26438   	
0.704500	0         	0.704500	1.26436   	0.704500	0.0407812 	0.704500	1.26436   	
0.705000	0         	0.705000	1.26434   	0.705000	0.040804  	0.705000	1.26434   	
0.705500	0         	0.705500	1.26432   	0.705500	0.0408268 	0.705500	1.26432   	
0.706000	0         	0.706000	1.26429   	0.706000	0.0408496 	0.706000	1.26429   	
0.706500	0         	0.706500	1.26427   	0.706500	0.0408724 	0.706500	1.26427   	
0.707000	0         	0.707000	1.26425   	0.707000	0.0408951 	0.707000	1.26425   	
0.707500	0         	0.707500	1.26423   	0.707500	0.0409178 	0.707500	1.26423   	
0.708000	0         	0.708000	1.2642    	0.708000	0.0409405 	0.708000	1.2642    	
0.708500	0         	0.708500	1.26418   	0.708500	0.0409631 	0.708500	1.26418   	
0.709000	0         	0.709000	1.26416   	0.709000	0.0409857 	0.709000	1.26416   	
0.709500	0         	0.709500	1.26413   	0.709500	0.0410083 	0.709500	1.26413   	
0.710000	0         	0.710000	1.26411   	0.710000	0.0410308 	0.710000	1.26411   	
0.710500	0         	0.710500	1.26409   	0.710500	0.0410534 	0.710500	1.26409   	
0.711000	0         	0.711000	1.26407   	0.711000	0.0410758 	0.711000	1.26407   	
0.711500	0         	0.711500	1.26404   	0.711500	0.0410983 	0.711500	1.26404   	
0.712000	0         	0.712000	1.26402   	0.712000	0.0411207 	0.712000	1.26402   	
0.712500	0         	0.712500	1.264     	0.712500	0.0411431 	0.712500	1.264     	
0.713000	0         	0.713000	1.26398   	0.713000	0.0411654 	0.713000	1.26398   	
0.713500	0         	0.713500	1.26396   	0.713500	0.0411877 	0.713500	1.26396   	
0.714000	0         	0.714000	1.26393   	0.714000	0.04121   	0.714000	1.26393   	
0.714500	0         	0.714500	1.26391   	0.714500	0.0412323 	0.714500	1.26391   	
0.715000	0         	0.715000	1.26389   	0.715000	0.0412545 	0.715000	1.26389   	
0.715500	0         	0.715500	1.26387   	0.715500	0.0412766 	0.715500	1.26387   	
0.716000	0         	0.716000	1.26384   	0.716000	0.0412988 	0.716000	1.26384   	
0.716500	0         	0.716500	1.26382   	0.716500	0.0413209 	0.716500	1.26382   	
0.717000	0         	0.717000	1.2638    	0.717000	0.0413429 	0.717000	1.2638    	
0.717500	0         	0.717500	1.26378   	0.717500	0.0413649 	0.717500	1.26378   	
0.718000	0         	0.718000	1.26376   	0.718000	0.0413869 	0.718000	1.26376   	
0.718500	0         	0.718500	1.26373   	0.718500	0.0414089 	0.718500	1.26373   	
0.719000	0         	0.719000	1.26371   	0.719000	0.0414308 	0.719000	1.26371   	
0.719500	0         	0.719500	1.26369   	0.719500	0.0414526 	0.719500	1.26369   	
0.720000	0         	0.720000	1.26367   	0.720000	0.0414744 	0.720000	1.26367   	
0.720500	0         	0.720500	1.26365   	0.720500	0.0414962 	0.720500	1.26365   	
0.721000	0         	0.721000	1.26363   	0.721000	0.0415179 	0.721000	1.26363   	
0.721500	0         	0.721500	1.2636    	0.721500	0.0415396 	0.721500	1.2636    	
0.722000	0         	0.722000	1.26358   	0.722000	0.0415613 	0.722000	1.26358   	
0.722500	0         	0.722500	1.26356   	0.722500	0.0415829 	0.722500	1.26356   	
0.723000	0         	0.723000	1.26354   	0.723000	0.0416044 	0.723000	1.26354   	
0.723500	0         	0.723500	1.26352   	0.723500	0.0416259 	0.723500	1.26352   	
0.724000	0         	0.724000	1.2635    	0.724000	0.0416474 	0.724000	1.2635    	
0.724500	0         	0.724500	1.26347   	0.724500	0.0416688 	0.724500	1.26347   	
0.725000	0         	0.725000	1.26345   	0.725000	0.0416901 	0.725000	1.26345   	
0.725500	0         	0.725500	1.26343   	0.725500	0.0417114 	0.725500	1.26343   	
0.726000	0         	0.726000	1.26341   	0.726000	0.0417327 	0.726000	1.26341   	
0.726500	0         	0.726500	1.26339   	0.726500	0.0417539 	0.726500	1.26339   	
0.727000	0         	0.727000	1.26337   	0.727000	0.041775  	0.727000	1.26337   	
0.727500	0         	0.727500	1.26335   	0.727500	0.0417961 	0.727500	1.26335   	
0.728000	0         	0.728000	1.26333   	0.728000	0.0418171 	0.728000	1.26333   	
0.728500	0         	0.728500	1.26331   	0.728500	0.0418381 	0.728500	1.26331   	
0.729000	0         	0.729000	1.26328   	0.729000	0.041859  	0.729000	1.26328   	
0.729500	0         	0.729500	1.26326   	0.729500	0.0418799 	0.729500	1.26326   	
0.730000	0         	0.730000	1.26324   	0.730000	0.0419007 	0.730000	1.26324   	
0.730500	0         	0.730500	1.26322   	0.730500	0.0419214 	0.730500	1.26322   	
0.731000	0         	0.731000	1.2632    	0.731000	0.0419421 	0.731000	1.2632    	
0.731500	0         	0.731500	1.26318   	0.731500	0.0419627 	0.731500	1.26318   	
0.732000	0         	0.732000	1.26316   	0.732000	0.0419833 	0.732000	1.26316   	
0.732500	0         	0.732500	1.26314   	0.732500	0.0420037 	0.732500	1.26314   	
0.733000	0         	0.733000	1.26312   	0.733000	0.0420241 	0.733000	1.26312   	
0.733500	0         	0.733500	1.2631    	0.733500	0.0420444 	0.733500	1.2631    	
0.734000	0         	0.734000	1.26308   	0.734000	0.0420646 	0.734000	1.26308   	
0.734500	0         	0.734500	1.26306   	0.734500	0.0420848 	0.734500	1.26306   	
0.735000	0         	0.735000	1.26304   	0.735000	0.0421048 	0.735000	1.26304   	
0.735500	0         	0.735500	1.26302   	0.735500	0.0421249 	0.735500	1.26302   	
0.736000	0         	0.736000	1.263     	0.736000	0.0421448 	0.736000	1.263     	
0.736500	0         	0.736500	1.26298   	0.736500	0.0421647 	0.736500	1.26298   	
0.737000	0         	0.737000	1.26296   	0.737000	0.0421845 	0.737000	1.26296   	
0.737500	0         	0.737500	1.26294   	0.737500	0.0422042 	0.737500	1.26294   	
0.738000	0         	0.738000	1.26292   	0.738000	0.0422238 	0.738000	1.26292   	
0.738500	0         	0.738500	1.2629    	0.738500	0.0422433 	0.738500	1.2629    	
0.739000	0         	0.739000	1.26288   	0.739000	0.0422628 	0.739000	1.26288   	
0.739500	0         	0.739500	1.26286   	0.739500	0.0422821 	0.739500	1.26286   	
0.740000	0         	0.740000	1.26284   	0.740000	0.0423014 	0.740000	1.26284   	
0.740500	0         	0.740500	1.26282   	0.740500	0.0423206 	0.740500	1.26282   	
0.741000	0         	0.741000	1.2628    	0.741000	0.0423397 	0.741000	1.2628    	
0.741500	0         	0.741500	1.26278   	0.741500	0.0423587 	0.741500	1.26278   	
0.742000	0         	0.742000	1.26277   	0.742000	0.0423775 	0.742000	1.26277   	
0.742500	0         	0.742500	1.26275   	0.742500	0.0423963 	0.742500	1.26275   	
0.743000	0         	0.743000	1.26273   	0.743000	0.042415  	0.743000	1.26273   	
0.743500	0         	0.743500	1.26271   	0.743500	0.0424336 	0.743500	1.26271   	
0.744000	0         	0.744000	1.26269   	0.744000	0.042452  	0.744000	1.26269   	
0.744500	1.38478e-10	0.744500	1.26267   	0.744500	0.0424704 	0.744500	1.26267   	
0.745000	3.12525e-09	0.745000	1.26265   	0.745000	0.0424886 	0.745000	1.26265   	
0.745500	1.9355e-08	0.745500	1.26264   	0.745500	0.0425067 	0.745500	1.26264   	
0.746000	4.94509e-07	0.746000	1.26261   	0.746000	0.0425347 	0.746000	1.26261   	
0.746500	3.7009e-07	0.746500	1.26259   	0.746500	0.0425528 	0.746500	1.26259   	
0.747000	2.05074e-06	0.747000	1.26257   	0.747000	0.0425707 	0.747000	1.26257   	
0.747500	4.5609e-06	0.747500	1.26255   	0.747500	0.0425886 	0.747500	1.26255   	
0.748000	9.13751e-06	0.748000	1.26253   	0.748000	0.0426066 	0.748000	1.26254   	
0.748500	1.53387e-05	0.748500	1.2625    	0.748500	0.042625  	0.748500	1.26252   	
0.749000	2.25911e-05	0.749000	1.26248   	0.749000	0.0426443 	0.749000	1.2625    	
0.749500	3.1874e-05	0.749500	1.26245   	0.749500	0.0426649 	0.749500	1.26248   	
0.750000	4.37189e-05	0.750000	1.26241   	0.750000	0.0426879 	0.750000	1.26246   	
0.750500	6.04527e-05	0.750500	1.26237   	0.750500	0.0427139 	0.750500	1.26243   	
0.751000	8.16049e-05	0.751000	1.26232   	0.751000	0.0427434 	0.751000	1.2624    	
0.751500	0.000108591	0.751500	1.26226   	0.751500	0.0427775 	0.751500	1.26237   	
0.752000	0.0001426 	0.752000	1.26218   	0.752000	0.0428182 	0.752000	1.26232   	
0.752500	0.000184009	0.752500	1.26209   	0.752500	0.0428671 	0.752500	1.26228   	
0.753000	0.000234643	0.753000	1.26198   	0.753000	0.0429265 	0.753000	1.26222   	
0.753500	0.000297231	0.753500	1.26185   	0.753500	0.042999  	0.753500	1.26214   	
0.754000	0.000373577	0.754000	1.26168   	0.754000	0.0430878 	0.754000	1.26206   	
0.754500	0.000465271	0.754500	1.26148   	0.754500	0.0431966 	0.754500	1.26195   	
0.755000	0.000575636	0.755000	1.26124   	0.755000	0.0433296 	0.755000	1.26181   	
0.755500	0.000709088	0.755500	1.26094   	0.755500	0.0434923 	0.755500	1.26165   	
0.756000	0.000869562	0.756000	1.26058   	0.756000	0.0436908 	0.756000	1.26145   	
0.756500	0.00106061	0.756500	1.26015   	0.756500	0.0439322 	0.756500	1.26121   	
0.757000	0.0012867 	0.757000	1.25963   	0.757000	0.0442249 	0.757000	1.26092   	
0.757500	0.0015528 	0.757500	1.25901   	0.757500	0.0445784 	0.757500	1.26056   	
0.758000	0.00186442	0.758000	1.25827   	0.758000	0.0450064 	0.758000	1.26014   	
0.758500	0.0022268 	0.758500	1.2574    	0.758500	0.0455191 	0.758500	1.25962   	
0.759000	0.00264556	0.759000	1.25637   	0.759000	0.0461291 	0.759000	1.25901   	
0.759500	0.00312642	0.759500	1.25516   	0.759500	0.0468536 	0.759500	1.25829   	
0.760000	0.00367495	0.760000	1.25376   	0.760000	0.0477102 	0.760000	1.25743   	
0.760500	0.00429699	0.760500	1.25213   	0.760500	0.0487186 	0.760500	1.25642   	
0.761000	0.00499873	0.761000	1.25025   	0.761000	0.0498962 	0.761000	1.25525   	
0.761500	0.00578654	0.761500	1.24809   	0.761500	0.0512666 	0.761500	1.25388   	
0.762000	0.00666412	0.762000	1.24563   	0.762000	0.0528521 	0.762000	1.25229   	
0.762500	0.00763686	0.762500	1.24284   	0.762500	0.0546682 	0.762500	1.25047   	
0.763000	0.00870996	0.763000	1.23969   	0.763000	0.0567482 	0.763000	1.2484    	
0.763500	0.00988672	0.763500	1.23615   	0.763500	0.0591091 	0.763500	1.24603   	
0.764000	0.0111684 	0.764000	1.23221   	0.764000	0.0617691 	0.764000	1.24337   	
0.764500	0.0125609 	0.764500	1.22782   	0.764500	0.0647625 	0.764500	1.24038   	
0.765000	0.0140641 	0.765000	1.22298   	0.765000	0.0680964 	0.765000	1.23705   	
0.765500	0.0156813 	0.765500	1.21766   	0.765500	0.0717982 	0.765500	1.23334   	
0.766000	0.0174035 	0.766000	1.21186   	0.766000	0.0758821 	0.766000	1.22926   	
0.766500	0.0192296 	0.766500	1.20556   	0.766500	0.0803551 	0.766500	1.22479   	
0.767000	0.0211523 	0.767000	1.19878   	0.767000	0.0852106 	0.767000	1.21993   	
0.767500	0.0231752 	0.767500	1.19153   	0.767500	0.0904415 	0.767500	1.2147    	
0.768000	0.0252928 	0.768000	1.18383   	0.768000	0.0960209 	0.768000	1.20912   	
0.768500	0.0275171 	0.768500	1.17567   	0.768500	0.101956  	0.768500	1.20319   	
0.769000	0.029819  	0.769000	1.16709   	0.769000	0.108236  	0.769000	1.19691   	
0.769500	0.0321873 	0.769500	1.15819   	0.769500	0.114764  	0.769500	1.19038   	
0.770000	0.0346281 	0.770000	1.14901   	0.770000	0.121507  	0.770000	1.18364   	
0.770500	0.0371498 	0.770500	1.13954   	0.770500	0.128455  	0.770500	1.17669   	
0.771000	0.0397235 	0.771000	1.12994   	0.771000	0.13548   	0.771000	1.16966   	
0.771500	0.0423438 	0.771500	1.12039   	0.771500	0.142408  	0.771500	1.16274   	
0.772000	0.0450198 	0.772000	1.11099   	0.772000	0.149137  	0.772000	1.15601   	
0.772500	0.0477531 	0.772500	1.10177   	0.772500	0.155621  	0.772500	1.14952   	
0.773000	0.0505423 	0.773000	1.09283   	0.773000	0.161773  	0.773000	1.14337   	
0.773500	0.0533938 	0.773500	1.08429   	0.773500	0.167462  	0.773500	1.13768   	
0.774000	0.0563252 	0.774000	1.07627   	0.774000	0.172553  	0.774000	1.13259   	
0.774500	0.0593509 	0.774500	1.06886   	0.774500	0.176935  	0.774500	1.12821   	
0.775000	0.0624853 	0.775000	1.06212   	0.775000	0.180541  	0.775000	1.1246    	
0.775500	0.0657785 	0.775500	1.05599   	0.775500	0.183378  	0.775500	1.12176   	
0.776000	0.0692672 	0.776000	1.0505    	0.776000	0.185372  	0.776000	1.11977   	
0.776500	0.0729924 	0.776500	1.0457    	0.776500	0.186448  	0.776500	1.1187    	
0.777000	0.0770085 	0.777000	1.04149   	0.777000	0.186647  	0.777000	1.1185    	
0.777500	0.0813373 	0.777500	1.03781   	0.777500	0.185998  	0.777500	1.11915   	
0.778000	0.0860035 	0.778000	1.03447   	0.778000	0.184672  	0.778000	1.12047   	
0.778500	0.090966  	0.778500	1.03136   	0.778500	0.18282   	0.778500	1.12232   	
0.779000	0.0963202 	0.779000	1.02813   	0.779000	0.18069   	0.779000	1.12445   	
0.779500	0.102567  	0.779500	1.02396   	0.779500	0.178617  	0.779500	1.12653   	
0.780000	0.109591  	0.780000	1.01834   	0.780000	0.177215  	0.780000	1.12793   	
0.780500	0.115448  	0.780500	1.01278   	0.780500	0.176911  	0.780500	1.12823   	
0.781000	0.123461  	0.781000	1.00405   	0.781000	0.177629  	0.781000	1.12751   	
0.781500	0.130645  	0.781500	0.993664  	0.781500	0.180834  	0.781500	1.12431   	
0.782000	0.137689  	0.782000	0.982368  	0.782000	0.185086  	0.782000	1.12006   	
0.782500	0.146137  	0.782500	0.967059  	0.782500	0.191947  	0.782500	1.1132    	
0.783000	0.153763  	0.783000	0.950141  	0.783000	0.20124   	0.783000	1.1039    	
0.783500	0.159935  	0.783500	0.93167   	0.783500	0.213539  	0.783500	1.0916    	
0.784000	0.167336  	0.784000	0.908446  	0.784000	0.229362  	0.784000	1.07578   	
0.784500	0.175523  	0.784500	0.878772  	0.784500	0.250848  	0.784500	1.0543    	
0.785000	0.183012  	0.785000	0.841867  	0.785000	0.280264  	0.785000	1.02488   	
0.785500	0.188881  	0.785500	0.797658  	0.785500	0.318604  	0.785500	0.986539  	
0.786000	0.192387  	0.786000	0.744951  	0.786000	0.367805  	0.786000	0.937338  	
0.786500	0.196495  	0.786500	0.680882  	0.786500	0.427766  	0.786500	0.877377  	
0.787000	0.199602  	0.787000	0.603504  	0.787000	0.502037  	0.787000	0.803106  	
0.787500	0.199781  	0.787500	0.515457  	0.787500	0.589905  	0.787500	0.715238  	
0.788000	0.196417  	0.788000	0.423888  	0.788000	0.684838  	0.788000	0.620305  	
0.788500	0.190166  	0.788500	0.339934  	0.788500	0.775043  	0.788500	0.5301    	
0.789000	0.181292  	0.789000	0.270836  	0.789000	0.853014  	0.789000	0.452129  	
0.789500	0.171001  	0.789500	0.214274  	0.789500	0.919868  	0.789500	0.385275  	
0.790000	0.160017  	0.790000	0.17004   	0.790000	0.975086  	0.790000	0.330057  	
0.790500	0.149442  	0.790500	0.134669  	0.790500	1.02103   	0.790500	0.284111  	
0.791000	0.121588  	0.791000	0.0291653 	0.791000	1.15439   	0.791000	0.150753  	
0.791500	0.110923  	0.791500	0.00947387	0.791500	1.18475   	0.791500	0.120397  	
0.792000	0.088118  	0.792000	0.000900238	0.792000	1.21612   	0.792000	0.0890182 	
0.792500	0.0728278 	0.792500	8.98673e-07	0.792500	1.23231   	0.792500	0.0728287 	
0.793000	0.0593594 	0.793000	3.00576e-08	0.793000	1.24578   	0.793000	0.0593594 	
0.793500	0.0494929 	0.793500	4.93238e-05	0.793500	1.2556    	0.793500	0.0495422 	
0.794000	0.0221137 	0.794000	0         	0.794000	1.28303   	0.794000	0.0221137 	
0.794500	0.0291139 	0.794500	0         	0.794500	1.27603   	0.794500	0.0291139 	
0.795000	0.0202146 	0.795000	0         	0.795000	1.28493   	0.795000	0.0202146 	
0.795500	0.0111363 	0.795500	0         	0.795500	1.29401   	0.795500	0.0111363 	
0.796000	1.3988e-10	0.796000	0         	0.796000	1.30514   	0.796000	1.3988e-10	
0.796500	0.0029566 	0.796500	0         	0.796500	1.30219   	0.796500	0.0029566 	
0.797000	0.00164535	0.797000	0         	0.797000	1.3035    	0.797000	0.00164535	
0.797500	0.000964444	0.797500	0         	0.797500	1.30418   	0.797500	0.000964444	
0.798000	2.27397e-16	0.798000	0         	0.798000	1.30514   	0.798000	2.27397e-16	
0.798500	0.00025567	0.798500	0         	0.798500	1.30489   	0.798500	0.00025567	
0.799000	1.28859e-18	0.799000	0         	0.799000	1.30514   	0.799000	1.28859e-18	
0.799500	0         	0.799500	0         	0.799500	1.30514   	0.799500	0         	
0.800000	0         	0.800000	0         	0.800000	1.30514   	0.800000	0         	
0.800500	0         	0.800500	0         	0.800500	1.30514   	0.800500	0         	
0.801000	0         	0.801000	0         	0.801000	1.30514   	0.801000	0         	
0.801500	0         	0.801500	0         	0.801500	1.30514   	0.801500	0         	
0.802000	0         	0.802000	0         	0.802000	1.30514   	0.802000	0         	
0.802500	0         	0.802500	0         	0.802500	1.30514   	0.802500	0         	
0.803000	0         	0.803000	0         	0.803000	1.30514   	0.803000	0         	
0.803500	0         	0.803500	0         	0.803500	1.30514   	0.803500	0         	
0.804000	0         	0.804000	0         	0.804000	1.30514   	0.804000	0         	
0.804500	0         	0.804500	0         	0.804500	1.30514   	0.804500	0         	
0.805000	0         	0.805000	0         	0.805000	1.30514   	0.805000	0         	
0.805500	0         	0.805500	0         	0.805500	1.30514   	0.805500	0         	
0.806000	0         	0.806000	0         	0.806000	1.30514   	0.806000	0         	
0.806500	0         	0.806500	0         	0.806500	1.30514   	0.806500	0         	
0.807000	0         	0.807000	0         	0.807000	1.30514   	0.807000	0         	
0.807500	0         	0.807500	0         	0.807500	1.30514   	0.807500	0         	
0.808000	0         	0.808000	0         	0.808000	1.30514   	0.808000	0         	
0.808500	0         	0.808500	0         	0.808500	1.30514   	0.808500	0         	
0.809000	0         	0.809000	0         	0.809000	1.30514   	0.809000	0         	
0.809500	0         	0.809500	0         	0.809500	1.30514   	0.809500	0         	
0.810000	0         	0.810000	0         	0.810000	1.30514   	0.810000	0         	
0.810500	0         	0.810500	0         	0.810500	1.30514   	0.810500	0         	
0.811000	0         	0.811000	0         	0.811000	1.30514   	0.811000	0         	
0.811500	0         	0.811500	0         	0.811500	1.30514   	0.811500	0         	
0.812000	0         	0.812000	0         	0.812000	1.30514   	0.812000	0         	
0.812500	0         	0.812500	0         	0.812500	1.30514   	0.812500	0         	
0.813000	0         	0.813000	0         	0.813000	1.30514   	0.813000	0         	
0.813500	0         	0.813500	0         	0.813500	1.30514   	0.813500	0         	
0.814000	0         	0.814000	0         	0.814000	1.30514   	0.814000	0         	
0.814500	0         	0.814500	0         	0.814500	1.30514   	0.814500	0         	
0.815000	0         	0.815000	0         	0.815000	1.30514   	0.815000	0         	
0.815500	0         	0.815500	0         	0.815500	1.30514   	0.815500	0         	
0.816000	0         	0.816000	0         	0.816000	1.30514   	0.816000	0         	
0.816500	0         	0.816500	0         	0.816500	1.30514   	0.816500	0         	
0.817000	0         	0.817000	0         	0.817000	1.30514   	0.817000	0         	
0.817500	0         	0.817500	0         	0.817500	1.30514   	0.817500	0         	
0.818000	0         	0.818000	0         	0.818000	1.30514   	0.818000	0         	
0.818500	0         	0.818500	0         	0.818500	1.30514   	0.818500	0         	
0.819000	0         	0.819000	0         	0.819000	1.30514   	0.819000	0         	
0.819500	0         	0.819500	0         	0.819500	1.30514   	0.819500	0         	
0.820000	0         	0.820000	0         	0.820000	1.30514   	0.820000	0         	
0.820500	0         	0.820500	0         	0.820500	1.30514   	0.820500	0         	
0.821000	0         	0.821000	0         	0.821000	1.30514   	0.821000	0         	
0.821500	0         	0.821500	0         	0.821500	1.30514   	0.821500	0         	
0.822000	0         	0.822000	0         	0.822000	1.30514   	0.822000	0         	
0.822500	0         	0.822500	0         	0.822500	1.30514   	0.822500	0         	
0.823000	0         	0.823000	0         	0.823000	1.30514   	0.823000	0         	
0.823500	0         	0.823500	0         	0.823500	1.30514   	0.823500	0         	
0.824000	0         	0.824000	0         	0.824000	1.30514   	0.824000	0         	
0.824500	0         	0.824500	0         	0.824500	1.30514   	0.824500	0         	
0.825000	0         	0.825000	0         	0.825000	1.30514   	0.825000	0         	
0.825500	0         	0.825500	0         	0.825500	1.30514   	0.825500	0         	
0.826000	0         	0.826000	0         	0.826000	1.30514   	0.826000	0         	
0.826500	0         	0.826500	0         	0.826500	1.30514   	0.826500	0         	
0.827000	0         	0.827000	0         	0.827000	1.30514   	0.827000	0         	
0.827500	0         	0.827500	0         	0.827500	1.30514   	0.827500	0         	
0.828000	0         	0.828000	0         	0.828000	1.30514   	0.828000	0         	
0.828500	0         	0.828500	0         	0.828500	1.30514   	0.828500	0         	
0.829000	0         	0.829000	0         	0.829000	1.30514   	0.829000	0         	
0.829500	0         	0.829500	0         	0.829500	1.30514   	0.829500	0         	
0.830000	0         	0.830000	0         	0.830000	1.30514   	0.830000	0         	
0.830500	0         	0.830500	0         	0.830500	1.30514   	0.830500	0         	
0.831000	0         	0.831000	0         	0.831000	1.30514   	0.831000	0         	
0.831500	0         	0.831500	0         	0.831500	1.30514   	0.831500	0         	
0.832000	0         	0.832000	0         	0.832000	1.30514   	0.832000	0         	
0.832500	0         	0.832500	0         	0.832500	1.30514   	0.832500	0         	
0.833000	0         	0.833000	0         	0.833000	1.30514   	0.833000	0         	
0.833500	0         	0.833500	0         	0.833500	1.30514   	0.833500	0         	
0.834000	0         	0.834000	0         	0.834000	1.30514   	0.834000	0         	
0.834500	0         	0.834500	0         	0.834500	1.30514   	0.834500	0         	
0.835000	0         	0.835000	0         	0.835000	1.30514   	0.835000	0         	
0.835500	0         	0.835500	0         	0.835500	1.30514   	0.835500	0         	
0.836000	0         	0.836000	0         	0.836000	1.30514   	0.836000	0         	
0.836500	0         	0.836500	0         	0.836500	1.30514   	0.836500	0         	
0.837000	0         	0.837000	0         	0.837000	1.30514   	0.837000	0         	
0.837500	0         	0.837500	0         	0.837500	1.30514   	0.837500	0         	
0.838000	0         	0.838000	0         	0.838000	1.30514   	0.838000	0         	
0.838500	0         	0.838500	0         	0.838500	1.30514   	0.838500	0         	
0.839000	0         	0.839000	0         	0.839000	1.30514   	0.839000	0         	
0.839500	0         	0.839500	0         	0.839500	1.30514   	0.839500	0         	
0.840000	0         	0.840000	0         	0.840000	1.30514   	0.840000	0         	
0.840500	0         	0.840500	0         	0.840500	1.30514   	0.840500	0         	
0.841000	0         	0.841000	0         	0.841000	1.30514   	0.841000	0         	
0.841500	0         	0.841500	0         	0.841500	1.30514   	0.841500	0         	
0.842000	0         	0.842000	0         	0.842000	1.30514   	0.842000	0         	
0.842500	0         	0.842500	0         	0.842500	1.30514   	0.842500	0         	
0.843000	0         	0.843000	0         	0.843000	1.30514   	0.843000	0         	
0.843500	0         	0.843500	0         	0.843500	1.30514   	0.843500	0         	
0.844000	0         	0.844000	0         	0.844000	1.30514   	0.844000	0         	
0.844500	0         	0.844500	0         	0.844500	1.30514   	0.844500	0         	
0.845000	0         	0.845000	0         	0.845000	1.30514   	0.845000	0         	
0.845500	0         	0.845500	0         	0.845500	1.30514   	0.845500	0         	
0.846000	0         	0.846000	0         	0.846000	1.30514   	0.846000	0         	
0.846500	0         	0.846500	0         	0.846500	1.30514   	0.846500	0         	
0.847000	0         	0.847000	0         	0.847000	1.30514   	0.847000	0         	
0.847500	0         	0.847500	0         	0.847500	1.30514   	0.847500	0         	
0.848000	0         	0.848000	0         	0.848000	1.30514   	0.848000	0         	
0.848500	0         	0.848500	0         	0.848500	1.30514   	0.848500	0         	
0.849000	0         	0.849000	0         	0.849000	1.30514   	0.849000	0         	
0.849500	0         	0.849500	0         	0.849500	1.30514   	0.849500	0         	
0.850000	0         	0.850000	0         	0.850000	1.30514   	0.850000	0         	
0.850500	0         	0.850500	0         	0.850500	1.30514   	0.850500	0         	
0.851000	0         	0.851000	0         	0.851000	1.30514   	0.851000	0         	
0.851500	0         	0.851500	0         	0.851500	1.30514   	0.851500	0         	
0.852000	0         	0.852000	0         	0.852000	1.30514   	0.852000	0         	
0.852500	0         	0.852500	0         	0.852500	1.30514   	0.852500	0         	
0.853000	0         	0.853000	0         	0.853000	1.30514   	0.853000	0         	
0.853500	0         	0.853500	0         	0.853500	1.30514   	0.853500	0         	
0.854000	0         	0.854000	0         	0.854000	1.30514   	0.854000	0         	
0.854500	0         	0.854500	0         	0.854500	1.30514   	0.854500	0         	
0.855000	0         	0.855000	0         	0.855000	1.30514   	0.855000	0         	
0.855500	0         	0.855500	0         	0.855500	1.30514   	0.855500	0         	
0.856000	0         	0.856000	0         	0.856000	1.30514   	0.856000	0         	
0.856500	0         	0.856500	0         	0.856500	1.30514   	0.856500	0         	
0.857000	0         	0.857000	0         	0.857000	1.30514   	0.857000	0         	
0.857500	0         	0.857500	0         	0.857500	1.30514   	0.857500	0         	
0.858000	0         	0.858000	0         	0.858000	1.30514   	0.858000	0         	
0.858500	0         	0.858500	0         	0.858500	1.30514   	0.858500	0         	
0.859000	0         	0.859000	0         	0.859000	1.30514   	0.859000	0         	
0.859500	0         	0.859500	0         	0.859500	1.30514   	0.859500	0         	
0.860000	0         	0.860000	0         	0.860000	1.30514   	0.860000	0         	
0.860500	0         	0.860500	0         	0.860500	1.30514   	0.860500	0         	
0.861000	0         	0.861000	0         	0.861000	1.30514   	0.861000	0         	
0.861500	0         	0.861500	0         	0.861500	1.30514   	0.861500	0         	
0.862000	0         	0.862000	0         	0.862000	1.30514   	0.862000	0         	
0.862500	0         	0.862500	0         	0.862500	1.30514   	0.862500	0         	
0.863000	0         	0.863000	0         	0.863000	1.30514   	0.863000	0         	
0.863500	0         	0.863500	0         	0.863500	1.30514   	0.863500	0         	
0.864000	0         	0.864000	0         	0.864000	1.30514   	0.864000	0         	
0.864500	0         	0.864500	0         	0.864500	1.30514   	0.864500	0         	
0.865000	0         	0.865000	0         	0.865000	1.30514   	0.865000	0         	
0.865500	0         	0.865500	0         	0.865500	1.30514   	0.865500	0         	
0.866000	0         	0.866000	0         	0.866000	1.30514   	0.866000	0         	
0.866500	0         	0.866500	0         	0.866500	1.30514   	0.866500	0         	
0.867000	0         	0.867000	0         	0.867000	1.30514   	0.867000	0         	
0.867500	0         	0.867500	0         	0.867500	1.30514   	0.867500	0         	
0.868000	0         	0.868000	0         	0.868000	1.30514   	0.868000	0         	
0.868500	0         	0.868500	0         	0.868500	1.30514   	0.868500	0         	
0.869000	0         	0.869000	0         	0.869000	1.30514   	0.869000	0         	
0.869500	0         	0.869500	0         	0.869500	1.30514   	0.869500	0         	
0.870000	0         	0.870000	0         	0.870000	1.30514   	0.870000	0         	
0.870500	0         	0.870500	0         	0.870500	1.30514   	0.870500	0         	
0.871000	0         	0.871000	0         	0.871000	1.30514   	0.871000	0         	
0.871500	0         	0.871500	0         	0.871500	1.30514   	0.871500	0         	
0.872000	0         	0.872000	0         	0.872000	1.30514   	0.872000	0         	
0.872500	0         	0.872500	0         	0.872500	1.30514   	0.872500	0         	
0.873000	0         	0.873000	0         	0.873000	1.30514   	0.873000	0         	
0.873500	0         	0.873500	0         	0.873500	1.30514   	0.873500	0         	
0.874000	0         	0.874000	0         	0.874000	1.30514   	0.874000	0         	
0.874500	0         	0.874500	0         	0.874500	1.30514   	0.874500	0         	
0.875000	0         	0.875000	0         	0.875000	1.30514   	0.875000	0         	
0.875500	0         	0.875500	0         	0.875500	1.30514   	0.875500	0         	
0.876000	0         	0.876000	0         	0.876000	1.30514   	0.876000	0         	
0.876500	0         	0.876500	0         	0.876500	1.30514   	0.876500	0         	
0.877000	0         	0.877000	0         	0.877000	1.30514   	0.877000	0         	
0.877500	0         	0.877500	0         	0.877500	1.30514   	0.877500	0         	
0.878000	0         	0.878000	0         	0.878000	1.30514   	0.878000	0         	
0.878500	0         	0.878500	0         	0.878500	1.30514   	0.878500	0         	
0.879000	0         	0.879000	0         	0.879000	1.30514   	0.879000	0         	
0.879500	0         	0.879500	0         	0.879500	1.30514   	0.879500	0         	
0.880000	0         	0.880000	0         	0.880000	1.30514   	0.880000	0         	
0.880500	0         	0.880500	0         	0.880500	1.30514   	0.880500	0         	
0.881000	0         	0.881000	0         	0.881000	1.30514   	0.881000	0         	
0.881500	0         	0.881500	0         	0.881500	1.30514   	0.881500	0         	
0.882000	0         	0.882000	0         	0.882000	1.30514   	0.882000	0         	
0.882500	0         	0.882500	0         	0.882500	1.30514   	0.882500	0         	
0.883000	0         	0.883000	0         	0.883000	1.30514   	0.883000	0         	
0.883500	0         	0.883500	0         	0.883500	1.30514   	0.883500	0         	
0.884000	0         	0.884000	0         	0.884000	1.30514   	0.884000	0         	
0.884500	0         	0.884500	0         	0.884500	1.30514   	0.884500	0         	
0.885000	0         	0.885000	0         	0.885000	1.30514   	0.885000	0         	
0.885500	0         	0.885500	0         	0.885500	1.30514   	0.885500	0         	
0.886000	0         	0.886000	0         	0.886000	1.30514   	0.886000	0         	
0.886500	0         	0.886500	0         	0.886500	1.30514   	0.886500	0         	
0.887000	0         	0.887000	0         	0.887000	1.30514   	0.887000	0         	
0.887500	0         	0.887500	0         	0.887500	1.30514   	0.887500	0         	
0.888000	0         	0.888000	0         	0.888000	1.30514   	0.888000	0         	
0.888500	0         	0.888500	0         	0.888500	1.30514   	0.888500	0         	
0.889000	0         	0.889000	0         	0.889000	1.30514   	0.889000	0         	
0.889500	0         	0.889500	0         	0.889500	1.30514   	0.889500	0         	
0.890000	0         	0.890000	0         	0.890000	1.30514   	0.890000	0         	
0.890500	0         	0.890500	0         	0.890500	1.30514   	0.890500	0         	
0.891000	0         	0.891000	0         	0.891000	1.30514   	0.891000	0         	
0.891500	0         	0.891500	0         	0.891500	1.30514   	0.891500	0         	
0.892000	0         	0.892000	0         	0.892000	1.30514   	0.892000	0         	
0.892500	0         	0.892500	0         	0.892500	1.30514   	0.892500	0         	
0.893000	0         	0.893000	0         	0.893000	1.30514   	0.893000	0         	
0.893500	0         	0.893500	0         	0.893500	1.30514   	0.893500	0         	
0.894000	0         	0.894000	0         	0.894000	1.30514   	0.894000	0         	
0.894500	0         	0.894500	0         	0.894500	1.30514   	0.894500	0         	
0.895000	0         	0.895000	0         	0.895000	1.30514   	0.895000	0         	
0.895500	0         	0.895500	0         	0.895500	1.30514   	0.895500	0         	
0.896000	0         	0.896000	0         	0.896000	1.30514   	0.896000	0         	
0.896500	0         	0.896500	0         	0.896500	1.30514   	0.896500	0         	
0.897000	0         	0.897000	0         	0.897000	1.30514   	0.897000	0         	
0.897500	0         	0.897500	0         	0.897500	1.30514   	0.897500	0         	
0.898000	0         	0.898000	0         	0.898000	1.30514   	0.898000	0         	
0.898500	0         	0.898500	0         	0.898500	1.30514   	0.898500	0         	
0.899000	0         	0.899000	0         	0.899000	1.30514   	0.899000	0         	
0.899500	0         	0.899500	0         	0.899500	1.30514   	0.899500	0         	
0.900000	0         	0.900000	0         	0.900000	1.30514   	0.900000	0         	
0.900500	0         	0.900500	0         	0.900500	1.30514   	0.900500	0         	
0.901000	0         	0.901000	0         	0.901000	1.30514   	0.901000	0         	
0.901500	0         	0.901500	0         	0.901500	1.30514   	0.901500	0         	
0.902000	0         	0.902000	0         	0.902000	1.30514   	0.902000	0         	
0.902500	0         	0.902500	0         	0.902500	1.30514   	0.902500	0         	
0.903000	0         	0.903000	0         	0.903000	1.30514   	0.903000	0         	
0.903500	0         	0.903500	0         	0.903500	1.30514   	0.903500	0         	
0.904000	0         	0.904000	0         	0.904000	1.30514   	0.904000	0         	
0.904500	0         	0.904500	0         	0.904500	1.30514   	0.904500	0         	
0.905000	0         	0.905000	0         	0.905000	1.30514   	0.905000	0         	
0.905500	0         	0.905500	0         	0.905500	1.30514   	0.905500	0         	
0.906000	0         	0.906000	0         	0.906000	1.30514   	0.906000	0         	
0.906500	0         	0.906500	0         	0.906500	1.30514   	0.906500	0         	
0.907000	0         	0.907000	0         	0.907000	1.30514   	0.907000	0         	
0.907500	0         	0.907500	0         	0.907500	1.30514   	0.907500	0         	
0.908000	0         	0.908000	0         	0.908000	1.30514   	0.908000	0         	
0.908500	0         	0.908500	0         	0.908500	1.30514   	0.908500	0         	
0.909000	0         	0.909000	0         	0.909000	1.30514   	0.909000	0         	
0.909500	0         	0.909500	0         	0.909500	1.30514   	0.909500	0         	
0.910000	0         	0.910000	0         	0.910000	1.30514   	0.910000	0         	
0.910500	0         	0.910500	0         	0.910500	1.30514   	0.910500	0         	
0.911000	0         	0.911000	0         	0.911000	1.30514   	0.911000	0         	
0.911500	0         	0.911500	0         	0.911500	1.30514   	0.911500	0         	
0.912000	0         	0.912000	0         	0.912000	1.30514   	0.912000	0         	
0.912500	0         	0.912500	0         	0.912500	1.30514   	0.912500	0         	
0.913000	0         	0.913000	0         	0.913000	1.30514   	0.913000	0         	
0.913500	0         	0.913500	0         	0.913500	1.30514   	0.913500	0         	
0.914000	0         	0.914000	0         	0.914000	1.30514   	0.914000	0         	
0.914500	0         	0.914500	0         	0.914500	1.30514   	0.914500	0         	
0.915000	0         	0.915000	0         	0.915000	1.30514   	0.915000	0         	
0.915500	0         	0.915500	0         	0.915500	1.30514   	0.915500	0         	
0.916000	0         	0.916000	0         	0.916000	1.30514   	0.916000	0         	
0.916500	0         	0.916500	0         	0.916500	1.30514   	0.916500	0         	
0.917000	0         	0.917000	0         	0.917000	1.30514   	0.917000	0         	
0.917500	0         	0.917500	0         	0.917500	1.30514   	0.917500	0         	
0.918000	0         	0.918000	0         	0.918000	1.30514   	0.918000	0         	
0.918500	0         	0.918500	0         	0.918500	1.30514   	0.918500	0         	
0.919000	0         	0.919000	0         	0.919000	1.30514   	0.919000	0         	
0.919500	0         	0.919500	0         	0.919500	1.30514   	0.919500	0         	
0.920000	0         	0.920000	0         	0.920000	1.30514   	0.920000	0         	
0.920500	0         	0.920500	0         	0.920500	1.30514   	0.920500	0         	
0.921000	0         	0.921000	0         	0.921000	1.30514   	0.921000	0         	
0.921500	0         	0.921500	0         	0.921500	1.30514   	0.921500	0         	
0.922000	0         	0.922000	0         	0.922000	1.30514   	0.922000	0         	
0.922500	0         	0.922500	0         	0.922500	1.30514   	0.922500	0         	
0.923000	0         	0.923000	0         	0.923000	1.30514   	0.923000	0         	
0.923500	0         	0.923500	0         	0.923500	1.30514   	0.923500	0         	
0.924000	0         	0.924000	0         	0.924000	1.30514   	0.924000	0         	
0.924500	0         	0.924500	0         	0.924500	1.30514   	0.924500	0         	
0.925000	0         	0.925000	0         	0.925000	1.30514   	0.925000	0         	
0.925500	0         	0.925500	0         	0.925500	1.30514   	0.925500	0         	
0.926000	0         	0.926000	0         	0.926000	1.30514   	0.926000	0         	
0.926500	0         	0.926500	0         	0.926500	1.30514   	0.926500	0         	
0.927000	0         	0.927000	0         	0.927000	1.30514   	0.927000	0         	
0.927500	0         	0.927500	0         	0.927500	1.30514   	0.927500	0         	
0.928000	0         	0.928000	0         	0.928000	1.30514   	0.928000	0         	
0.928500	0         	0.928500	0         	0.928500	1.30514   	0.928500	0         	
0.929000	0         	0.929000	0         	0.929000	1.30514   	0.929000	0         	
0.929500	0         	0.929500	0         	0.929500	1.30514   	0.929500	0         	
0.930000	0         	0.930000	0         	0.930000	1.30514   	0.930000	0         	
0.930500	0         	0.930500	0         	0.930500	1.30514   	0.930500	0         	
0.931000	0         	0.931000	0         	0.931000	1.30514   	0.931000	0         	
0.931500	0         	0.931500	0         	0.931500	1.30514   	0.931500	0         	
0.932000	0         	0.932000	0         	0.932000	1.30514   	0.932000	0         	
0.932500	0         	0.932500	0         	0.932500	1.30514   	0.932500	0         	
0.933000	0         	0.933000	0         	0.933000	1.30514   	0.933000	0         	
0.933500	0         	0.933500	0         	0.933500	1.30514   	0.933500	0         	
0.934000	0         	0.934000	0         	0.934000	1.30514   	0.934000	0         	
0.934500	0         	0.934500	0         	0.934500	1.30514   	0.934500	0         	
0.935000	0         	0.935000	0         	0.935000	1.30514   	0.935000	0         	
0.935500	0         	0.935500	0         	0.935500	1.30514   	0.935500	0         	
0.936000	0         	0.936000	0         	0.936000	1.30514   	0.936000	0         	
0.936500	0         	0.936500	0         	0.936500	1.30514   	0.936500	0         	
0.937000	0         	0.937000	0         	0.937000	1.30514   	0.937000	0         	
0.937500	0         	0.937500	0         	0.937500	1.30514   	0.937500	0         	
0.938000	0         	0.938000	0         	0.938000	1.30514   	0.938000	0         	
0.938500	0         	0.938500	0         	0.938500	1.30514   	0.938500	0         	
0.939000	0         	0.939000	0         	0.939000	1.30514   	0.939000	0         	
0.939500	0         	0.939500	0         	0.939500	1.30514   	0.939500	0         	
0.940000	0         	0.940000	0         	0.940000	1.30514   	0.940000	0         	
0.940500	0         	0.940500	0         	0.940500	1.30514   	0.940500	0         	
0.941000	0         	0.941000	0         	0.941000	1.30514   	0.941000	0         	
0.941500	0         	0.941500	0         	0.941500	1.30514   	0.941500	0         	
0.942000	0         	0.942000	0         	0.942000	1.30514   	0.942000	0         	
0.942500	0         	0.942500	0         	0.942500	1.30514   	0.942500	0         	
0.943000	0         	0.943000	0         	0.943000	1.30514   	0.943000	0         	
0.943500	0         	0.943500	0         	0.943500	1.30514   	0.943500	0         	
0.944000	0         	0.944000	0         	0.944000	1.30514   	0.944000	0         	
0.944500	0         	0.944500	0         	0.944500	1.30514   	0.944500	0         	
0.945000	0         	0.945000	0         	0.945000	1.30514   	0.945000	0         	
0.945500	0         	0.945500	0         	0.945500	1.30514   	0.945500	0         	
0.946000	0         	0.946000	0         	0.946000	1.30514   	0.946000	0         	
0.946500	0         	0.946500	0         	0.946500	1.30514   	0.946500	0         	
0.947000	0         	0.947000	0         	0.947000	1.30514   	0.947000	0         	
0.947500	0         	0.947500	0         	0.947500	1.30514   	0.947500	0         	
0.948000	0         	0.948000	0         	0.948000	1.30514   	0.948000	0         	
0.948500	0         	0.948500	0         	0.948500	1.30514   	0.948500	0         	
0.949000	0         	0.949000	0         	0.949000	1.30514   	0.949000	0         	
0.949500	0         	0.949500	0         	0.949500	1.30514   	0.949500	0         	
0.950000	0         	0.950000	0         	0.950000	1.30514   	0.950000	0         	
0.950500	0         	0.950500	0         	0.950500	1.30514   	0.950500	0         	
0.951000	0         	0.951000	0         	0.951000	1.30514   	0.951000	0         	
0.951500	0         	0.951500	0         	0.951500	1.30514   	0.951500	0         	
0.952000	0         	0.952000	0         	0.952000	1.30514   	0.952000	0         	
0.952500	0         	0.952500	0         	0.952500	1.30514   	0.952500	0         	
0.953000	0         	0.953000	0         	0.953000	1.30514   	0.953000	0         	
0.953500	0         	0.953500	0         	0.953500	1.30514   	0.953500	0         	
0.954000	0         	0.954000	0         	0.954000	1.30514   	0.954000	0         	
0.954500	0         	0.954500	0         	0.954500	1.30514   	0.954500	0         	
0.955000	0         	0.955000	0         	0.955000	1.30514   	0.955000	0         	
0.955500	0         	0.955500	0         	0.955500	1.30514   	0.955500	0         	
0.956000	0         	0.956000	0         	0.956000	1.30514   	0.956000	0         	
0.956500	0         	0.956500	0         	0.956500	1.30514   	0.956500	0         	
0.957000	0         	0.957000	0         	0.957000	1.30514   	0.957000	0         	
0.957500	0         	0.957500	0         	0.957500	1.30514   	0.957500	0         	
0.958000	0         	0.958000	0         	0.958000	1.30514   	0.958000	0         	
0.958500	0         	0.958500	0         	0.958500	1.30514   	0.958500	0         	
0.959000	0         	0.959000	0         	0.959000	1.30514   	0.959000	0         	
0.959500	0         	0.959500	0         	0.959500	1.30514   	0.959500	0         	
0.960000	0         	0.960000	0         	0.960000	1.30514   	0.960000	0         	
