Thickness of SUS flat deg [mm]1	(B-C) stopped in THIS detector	Thickness of SUS flat deg [mm]2	(C)   yield after THIS detector 	Thickness of SUS flat deg [mm]3	(A-B) stopped before THIS detector	Thickness of SUS flat deg [mm]4	(B)   yield before THIS detector	
0.660000	0         	0.660000	0.286531  	0.660000	0.00872832	0.660000	0.286531  	
0.660500	0         	0.660500	0.286525  	0.660500	0.00873395	0.660500	0.286525  	
0.661000	0         	0.661000	0.28652   	0.661000	0.00873958	0.661000	0.28652   	
0.661500	0         	0.661500	0.286514  	0.661500	0.0087452 	0.661500	0.286514  	
0.662000	0         	0.662000	0.286509  	0.662000	0.00875083	0.662000	0.286509  	
0.662500	0         	0.662500	0.286503  	0.662500	0.00875645	0.662500	0.286503  	
0.663000	0         	0.663000	0.286497  	0.663000	0.00876207	0.663000	0.286497  	
0.663500	0         	0.663500	0.286492  	0.663500	0.00876769	0.663500	0.286492  	
0.664000	0         	0.664000	0.286486  	0.664000	0.00877331	0.664000	0.286486  	
0.664500	0         	0.664500	0.286481  	0.664500	0.00877892	0.664500	0.286481  	
0.665000	0         	0.665000	0.286475  	0.665000	0.00878454	0.665000	0.286475  	
0.665500	0         	0.665500	0.286469  	0.665500	0.00879015	0.665500	0.286469  	
0.666000	0         	0.666000	0.286464  	0.666000	0.00879576	0.666000	0.286464  	
0.666500	0         	0.666500	0.286458  	0.666500	0.00880137	0.666500	0.286458  	
0.667000	0         	0.667000	0.286452  	0.667000	0.00880698	0.667000	0.286452  	
0.667500	0         	0.667500	0.286447  	0.667500	0.00881258	0.667500	0.286447  	
0.668000	0         	0.668000	0.286441  	0.668000	0.00881819	0.668000	0.286441  	
0.668500	0         	0.668500	0.286436  	0.668500	0.00882379	0.668500	0.286436  	
0.669000	0         	0.669000	0.28643   	0.669000	0.00882939	0.669000	0.28643   	
0.669500	0         	0.669500	0.286424  	0.669500	0.00883498	0.669500	0.286424  	
0.670000	0         	0.670000	0.286419  	0.670000	0.00884058	0.670000	0.286419  	
0.670500	0         	0.670500	0.286413  	0.670500	0.00884617	0.670500	0.286413  	
0.671000	0         	0.671000	0.286408  	0.671000	0.00885177	0.671000	0.286408  	
0.671500	0         	0.671500	0.286402  	0.671500	0.00885736	0.671500	0.286402  	
0.672000	0         	0.672000	0.286396  	0.672000	0.00886294	0.672000	0.286396  	
0.672500	0         	0.672500	0.286391  	0.672500	0.00886853	0.672500	0.286391  	
0.673000	0         	0.673000	0.286385  	0.673000	0.00887411	0.673000	0.286385  	
0.673500	0         	0.673500	0.28638   	0.673500	0.0088797 	0.673500	0.28638   	
0.674000	0         	0.674000	0.286374  	0.674000	0.00888528	0.674000	0.286374  	
0.674500	0         	0.674500	0.286369  	0.674500	0.00889086	0.674500	0.286369  	
0.675000	0         	0.675000	0.286363  	0.675000	0.00889643	0.675000	0.286363  	
0.675500	0         	0.675500	0.286357  	0.675500	0.008902  	0.675500	0.286357  	
0.676000	0         	0.676000	0.286352  	0.676000	0.00890758	0.676000	0.286352  	
0.676500	0         	0.676500	0.286346  	0.676500	0.00891315	0.676500	0.286346  	
0.677000	0         	0.677000	0.286341  	0.677000	0.00891871	0.677000	0.286341  	
0.677500	0         	0.677500	0.286335  	0.677500	0.00892428	0.677500	0.286335  	
0.678000	0         	0.678000	0.28633   	0.678000	0.00892984	0.678000	0.28633   	
0.678500	0         	0.678500	0.286324  	0.678500	0.0089354 	0.678500	0.286324  	
0.679000	0         	0.679000	0.286318  	0.679000	0.00894096	0.679000	0.286318  	
0.679500	0         	0.679500	0.286313  	0.679500	0.00894652	0.679500	0.286313  	
0.680000	0         	0.680000	0.286307  	0.680000	0.00895207	0.680000	0.286307  	
0.680500	0         	0.680500	0.286302  	0.680500	0.00895763	0.680500	0.286302  	
0.681000	0         	0.681000	0.286296  	0.681000	0.00896318	0.681000	0.286296  	
0.681500	0         	0.681500	0.286291  	0.681500	0.00896873	0.681500	0.286291  	
0.682000	0         	0.682000	0.286285  	0.682000	0.00897427	0.682000	0.286285  	
0.682500	0         	0.682500	0.28628   	0.682500	0.00897981	0.682500	0.28628   	
0.683000	0         	0.683000	0.286274  	0.683000	0.00898535	0.683000	0.286274  	
0.683500	0         	0.683500	0.286269  	0.683500	0.00899089	0.683500	0.286269  	
0.684000	0         	0.684000	0.286263  	0.684000	0.00899642	0.684000	0.286263  	
0.684500	0         	0.684500	0.286257  	0.684500	0.00900196	0.684500	0.286257  	
0.685000	0         	0.685000	0.286252  	0.685000	0.00900749	0.685000	0.286252  	
0.685500	0         	0.685500	0.286246  	0.685500	0.00901301	0.685500	0.286246  	
0.686000	0         	0.686000	0.286241  	0.686000	0.00901854	0.686000	0.286241  	
0.686500	0         	0.686500	0.286235  	0.686500	0.00902406	0.686500	0.286235  	
0.687000	0         	0.687000	0.28623   	0.687000	0.00902958	0.687000	0.28623   	
0.687500	0         	0.687500	0.286224  	0.687500	0.0090351 	0.687500	0.286224  	
0.688000	0         	0.688000	0.286219  	0.688000	0.00904062	0.688000	0.286219  	
0.688500	0         	0.688500	0.286213  	0.688500	0.00904613	0.688500	0.286213  	
0.689000	0         	0.689000	0.286208  	0.689000	0.00905164	0.689000	0.286208  	
0.689500	0         	0.689500	0.286202  	0.689500	0.00905715	0.689500	0.286202  	
0.690000	0         	0.690000	0.286197  	0.690000	0.00906265	0.690000	0.286197  	
0.690500	0         	0.690500	0.286191  	0.690500	0.00906815	0.690500	0.286191  	
0.691000	0         	0.691000	0.286186  	0.691000	0.00907365	0.691000	0.286186  	
0.691500	0         	0.691500	0.28618   	0.691500	0.00907914	0.691500	0.28618   	
0.692000	0         	0.692000	0.286175  	0.692000	0.00908463	0.692000	0.286175  	
0.692500	0         	0.692500	0.286169  	0.692500	0.00909012	0.692500	0.286169  	
0.693000	0         	0.693000	0.286164  	0.693000	0.00909561	0.693000	0.286164  	
0.693500	0         	0.693500	0.286158  	0.693500	0.00910109	0.693500	0.286158  	
0.694000	0         	0.694000	0.286153  	0.694000	0.00910658	0.694000	0.286153  	
0.694500	0         	0.694500	0.286147  	0.694500	0.00911205	0.694500	0.286147  	
0.695000	0         	0.695000	0.286142  	0.695000	0.00911753	0.695000	0.286142  	
0.695500	0         	0.695500	0.286136  	0.695500	0.009123  	0.695500	0.286136  	
0.696000	0         	0.696000	0.286131  	0.696000	0.00912847	0.696000	0.286131  	
0.696500	0         	0.696500	0.286125  	0.696500	0.00913394	0.696500	0.286125  	
0.697000	0         	0.697000	0.28612   	0.697000	0.0091394 	0.697000	0.28612   	
0.697500	0         	0.697500	0.286115  	0.697500	0.00914484	0.697500	0.286115  	
0.698000	0         	0.698000	0.286109  	0.698000	0.00915029	0.698000	0.286109  	
0.698500	0         	0.698500	0.286104  	0.698500	0.00915573	0.698500	0.286104  	
0.699000	0         	0.699000	0.286098  	0.699000	0.00916117	0.699000	0.286098  	
0.699500	0         	0.699500	0.286093  	0.699500	0.00916661	0.699500	0.286093  	
0.700000	0         	0.700000	0.286087  	0.700000	0.00917204	0.700000	0.286087  	
0.700500	0         	0.700500	0.286082  	0.700500	0.00917747	0.700500	0.286082  	
0.701000	0         	0.701000	0.286077  	0.701000	0.0091829 	0.701000	0.286077  	
0.701500	0         	0.701500	0.286071  	0.701500	0.00918833	0.701500	0.286071  	
0.702000	0         	0.702000	0.286066  	0.702000	0.00919375	0.702000	0.286066  	
0.702500	0         	0.702500	0.28606   	0.702500	0.00919916	0.702500	0.28606   	
0.703000	0         	0.703000	0.286055  	0.703000	0.00920458	0.703000	0.286055  	
0.703500	0         	0.703500	0.286049  	0.703500	0.00920999	0.703500	0.286049  	
0.704000	0         	0.704000	0.286044  	0.704000	0.0092154 	0.704000	0.286044  	
0.704500	0         	0.704500	0.286039  	0.704500	0.00922081	0.704500	0.286039  	
0.705000	0         	0.705000	0.286033  	0.705000	0.00922621	0.705000	0.286033  	
0.705500	0         	0.705500	0.286028  	0.705500	0.00923161	0.705500	0.286028  	
0.706000	0         	0.706000	0.286022  	0.706000	0.009237  	0.706000	0.286022  	
0.706500	0         	0.706500	0.286017  	0.706500	0.00924239	0.706500	0.286017  	
0.707000	0         	0.707000	0.286012  	0.707000	0.00924778	0.707000	0.286012  	
0.707500	0         	0.707500	0.286006  	0.707500	0.00925317	0.707500	0.286006  	
0.708000	0         	0.708000	0.286001  	0.708000	0.00925855	0.708000	0.286001  	
0.708500	0         	0.708500	0.285996  	0.708500	0.00926392	0.708500	0.285996  	
0.709000	0         	0.709000	0.28599   	0.709000	0.0092693 	0.709000	0.28599   	
0.709500	0         	0.709500	0.285985  	0.709500	0.00927467	0.709500	0.285985  	
0.710000	0         	0.710000	0.285979  	0.710000	0.00928004	0.710000	0.285979  	
0.710500	0         	0.710500	0.285974  	0.710500	0.0092854 	0.710500	0.285974  	
0.711000	0         	0.711000	0.285969  	0.711000	0.00929076	0.711000	0.285969  	
0.711500	0         	0.711500	0.285963  	0.711500	0.00929611	0.711500	0.285963  	
0.712000	0         	0.712000	0.285958  	0.712000	0.00930147	0.712000	0.285958  	
0.712500	0         	0.712500	0.285953  	0.712500	0.00930681	0.712500	0.285953  	
0.713000	0         	0.713000	0.285947  	0.713000	0.00931216	0.713000	0.285947  	
0.713500	0         	0.713500	0.285942  	0.713500	0.0093175 	0.713500	0.285942  	
0.714000	0         	0.714000	0.285937  	0.714000	0.00932283	0.714000	0.285937  	
0.714500	0         	0.714500	0.285931  	0.714500	0.00932817	0.714500	0.285931  	
0.715000	0         	0.715000	0.285926  	0.715000	0.00933349	0.715000	0.285926  	
0.715500	0         	0.715500	0.285921  	0.715500	0.00933882	0.715500	0.285921  	
0.716000	0         	0.716000	0.285915  	0.716000	0.00934414	0.716000	0.285915  	
0.716500	0         	0.716500	0.28591   	0.716500	0.00934945	0.716500	0.28591   	
0.717000	0         	0.717000	0.285905  	0.717000	0.00935476	0.717000	0.285905  	
0.717500	0         	0.717500	0.285899  	0.717500	0.00936007	0.717500	0.285899  	
0.718000	0         	0.718000	0.285894  	0.718000	0.00936537	0.718000	0.285894  	
0.718500	0         	0.718500	0.285889  	0.718500	0.00937067	0.718500	0.285889  	
0.719000	0         	0.719000	0.285883  	0.719000	0.00937596	0.719000	0.285883  	
0.719500	0         	0.719500	0.285878  	0.719500	0.00938125	0.719500	0.285878  	
0.720000	0         	0.720000	0.285873  	0.720000	0.00938653	0.720000	0.285873  	
0.720500	0         	0.720500	0.285868  	0.720500	0.00939181	0.720500	0.285868  	
0.721000	0         	0.721000	0.285862  	0.721000	0.00939708	0.721000	0.285862  	
0.721500	0         	0.721500	0.285857  	0.721500	0.00940235	0.721500	0.285857  	
0.722000	0         	0.722000	0.285852  	0.722000	0.00940761	0.722000	0.285852  	
0.722500	0         	0.722500	0.285847  	0.722500	0.00941287	0.722500	0.285847  	
0.723000	0         	0.723000	0.285841  	0.723000	0.00941813	0.723000	0.285841  	
0.723500	0         	0.723500	0.285836  	0.723500	0.00942338	0.723500	0.285836  	
0.724000	0         	0.724000	0.285831  	0.724000	0.00942862	0.724000	0.285831  	
0.724500	0         	0.724500	0.285826  	0.724500	0.00943386	0.724500	0.285826  	
0.725000	0         	0.725000	0.28582   	0.725000	0.00943909	0.725000	0.28582   	
0.725500	0         	0.725500	0.285815  	0.725500	0.00944432	0.725500	0.285815  	
0.726000	0         	0.726000	0.28581   	0.726000	0.00944955	0.726000	0.28581   	
0.726500	0         	0.726500	0.285805  	0.726500	0.00945477	0.726500	0.285805  	
0.727000	0         	0.727000	0.285799  	0.727000	0.00945998	0.727000	0.285799  	
0.727500	0         	0.727500	0.285794  	0.727500	0.00946519	0.727500	0.285794  	
0.728000	0         	0.728000	0.285789  	0.728000	0.00947039	0.728000	0.285789  	
0.728500	0         	0.728500	0.285784  	0.728500	0.00947559	0.728500	0.285784  	
0.729000	0         	0.729000	0.285779  	0.729000	0.00948078	0.729000	0.285779  	
0.729500	0         	0.729500	0.285773  	0.729500	0.00948597	0.729500	0.285773  	
0.730000	0         	0.730000	0.285768  	0.730000	0.00949115	0.730000	0.285768  	
0.730500	0         	0.730500	0.285763  	0.730500	0.00949632	0.730500	0.285763  	
0.731000	0         	0.731000	0.285758  	0.731000	0.00950148	0.731000	0.285758  	
0.731500	0         	0.731500	0.285753  	0.731500	0.00950664	0.731500	0.285753  	
0.732000	0         	0.732000	0.285748  	0.732000	0.0095118 	0.732000	0.285748  	
0.732500	0         	0.732500	0.285742  	0.732500	0.00951695	0.732500	0.285742  	
0.733000	0         	0.733000	0.285737  	0.733000	0.00952209	0.733000	0.285737  	
0.733500	0         	0.733500	0.285732  	0.733500	0.00952722	0.733500	0.285732  	
0.734000	0         	0.734000	0.285727  	0.734000	0.00953235	0.734000	0.285727  	
0.734500	0         	0.734500	0.285722  	0.734500	0.00953747	0.734500	0.285722  	
0.735000	0         	0.735000	0.285717  	0.735000	0.00954259	0.735000	0.285717  	
0.735500	0         	0.735500	0.285712  	0.735500	0.0095477 	0.735500	0.285712  	
0.736000	0         	0.736000	0.285707  	0.736000	0.0095528 	0.736000	0.285707  	
0.736500	0         	0.736500	0.285702  	0.736500	0.00955789	0.736500	0.285702  	
0.737000	0         	0.737000	0.285696  	0.737000	0.00956298	0.737000	0.285696  	
0.737500	0         	0.737500	0.285691  	0.737500	0.00956807	0.737500	0.285691  	
0.738000	0         	0.738000	0.285686  	0.738000	0.00957313	0.738000	0.285686  	
0.738500	0         	0.738500	0.285681  	0.738500	0.00957818	0.738500	0.285681  	
0.739000	0         	0.739000	0.285676  	0.739000	0.00958323	0.739000	0.285676  	
0.739500	0         	0.739500	0.285671  	0.739500	0.00958827	0.739500	0.285671  	
0.740000	0         	0.740000	0.285666  	0.740000	0.0095933 	0.740000	0.285666  	
0.740500	0         	0.740500	0.285661  	0.740500	0.00959833	0.740500	0.285661  	
0.741000	0         	0.741000	0.285656  	0.741000	0.00960334	0.741000	0.285656  	
0.741500	0         	0.741500	0.285651  	0.741500	0.00960835	0.741500	0.285651  	
0.742000	0         	0.742000	0.285646  	0.742000	0.00961336	0.742000	0.285646  	
0.742500	0         	0.742500	0.285641  	0.742500	0.00961835	0.742500	0.285641  	
0.743000	0         	0.743000	0.285636  	0.743000	0.00962334	0.743000	0.285636  	
0.743500	0         	0.743500	0.285631  	0.743500	0.00962831	0.743500	0.285631  	
0.744000	0         	0.744000	0.285626  	0.744000	0.00963328	0.744000	0.285626  	
0.744500	0         	0.744500	0.285621  	0.744500	0.00963824	0.744500	0.285621  	
0.745000	0         	0.745000	0.285616  	0.745000	0.00964319	0.745000	0.285616  	
0.745500	0         	0.745500	0.285611  	0.745500	0.00964814	0.745500	0.285611  	
0.746000	0         	0.746000	0.285606  	0.746000	0.00965307	0.746000	0.285606  	
0.746500	0         	0.746500	0.285601  	0.746500	0.00965799	0.746500	0.285601  	
0.747000	0         	0.747000	0.285597  	0.747000	0.00966291	0.747000	0.285597  	
0.747500	0         	0.747500	0.285592  	0.747500	0.00966781	0.747500	0.285592  	
0.748000	0         	0.748000	0.285587  	0.748000	0.00967271	0.748000	0.285587  	
0.748500	0         	0.748500	0.285582  	0.748500	0.0096776 	0.748500	0.285582  	
0.749000	0         	0.749000	0.285577  	0.749000	0.00968247	0.749000	0.285577  	
0.749500	0         	0.749500	0.285572  	0.749500	0.00968734	0.749500	0.285572  	
0.750000	0         	0.750000	0.285567  	0.750000	0.0096922 	0.750000	0.285567  	
0.750500	0         	0.750500	0.285562  	0.750500	0.00969704	0.750500	0.285562  	
0.751000	0         	0.751000	0.285558  	0.751000	0.00970188	0.751000	0.285558  	
0.751500	0         	0.751500	0.285553  	0.751500	0.0097067 	0.751500	0.285553  	
0.752000	0         	0.752000	0.285548  	0.752000	0.00971152	0.752000	0.285548  	
0.752500	0         	0.752500	0.285543  	0.752500	0.00971632	0.752500	0.285543  	
0.753000	0         	0.753000	0.285538  	0.753000	0.00972111	0.753000	0.285538  	
0.753500	0         	0.753500	0.285534  	0.753500	0.00972589	0.753500	0.285534  	
0.754000	0         	0.754000	0.285529  	0.754000	0.00973066	0.754000	0.285529  	
0.754500	0         	0.754500	0.285524  	0.754500	0.00973542	0.754500	0.285524  	
0.755000	0         	0.755000	0.285519  	0.755000	0.00974016	0.755000	0.285519  	
0.755500	0         	0.755500	0.285515  	0.755500	0.00974489	0.755500	0.285515  	
0.756000	0         	0.756000	0.28551   	0.756000	0.00974961	0.756000	0.28551   	
0.756500	0         	0.756500	0.285505  	0.756500	0.00975432	0.756500	0.285505  	
0.757000	0         	0.757000	0.2855    	0.757000	0.00975901	0.757000	0.2855    	
0.757500	0         	0.757500	0.285496  	0.757500	0.00976369	0.757500	0.285496  	
0.758000	0         	0.758000	0.285491  	0.758000	0.00976836	0.758000	0.285491  	
0.758500	0         	0.758500	0.285486  	0.758500	0.00977301	0.758500	0.285486  	
0.759000	0         	0.759000	0.285482  	0.759000	0.00977764	0.759000	0.285482  	
0.759500	0         	0.759500	0.285477  	0.759500	0.00978227	0.759500	0.285477  	
0.760000	0         	0.760000	0.285473  	0.760000	0.00978687	0.760000	0.285473  	
0.760500	0         	0.760500	0.285468  	0.760500	0.00979147	0.760500	0.285468  	
0.761000	0         	0.761000	0.285463  	0.761000	0.00979604	0.761000	0.285463  	
0.761500	0         	0.761500	0.285459  	0.761500	0.0098006 	0.761500	0.285459  	
0.762000	0         	0.762000	0.285454  	0.762000	0.00980515	0.762000	0.285454  	
0.762500	0         	0.762500	0.28545   	0.762500	0.00980968	0.762500	0.28545   	
0.763000	0         	0.763000	0.285445  	0.763000	0.00981419	0.763000	0.285445  	
0.763500	0         	0.763500	0.285441  	0.763500	0.00981869	0.763500	0.285441  	
0.764000	0         	0.764000	0.285436  	0.764000	0.00982316	0.764000	0.285436  	
0.764500	0         	0.764500	0.285432  	0.764500	0.00982762	0.764500	0.285432  	
0.765000	0         	0.765000	0.285427  	0.765000	0.00983207	0.765000	0.285427  	
0.765500	0         	0.765500	0.285423  	0.765500	0.00983649	0.765500	0.285423  	
0.766000	0         	0.766000	0.285419  	0.766000	0.00984089	0.766000	0.285419  	
0.766500	0         	0.766500	0.285414  	0.766500	0.00984528	0.766500	0.285414  	
0.767000	0         	0.767000	0.28541   	0.767000	0.00984964	0.767000	0.28541   	
0.767500	0         	0.767500	0.285405  	0.767500	0.00985399	0.767500	0.285405  	
0.768000	0         	0.768000	0.285401  	0.768000	0.00985831	0.768000	0.285401  	
0.768500	0         	0.768500	0.285397  	0.768500	0.00986261	0.768500	0.285397  	
0.769000	0         	0.769000	0.285393  	0.769000	0.00986689	0.769000	0.285393  	
0.769500	0         	0.769500	0.285388  	0.769500	0.00987115	0.769500	0.285388  	
0.770000	0         	0.770000	0.285384  	0.770000	0.00987538	0.770000	0.285384  	
0.770500	0         	0.770500	0.28538   	0.770500	0.00987959	0.770500	0.28538   	
0.771000	0         	0.771000	0.285376  	0.771000	0.00988377	0.771000	0.285376  	
0.771500	0         	0.771500	0.285372  	0.771500	0.00988794	0.771500	0.285372  	
0.772000	0         	0.772000	0.285367  	0.772000	0.00989207	0.772000	0.285367  	
0.772500	0         	0.772500	0.285363  	0.772500	0.00989618	0.772500	0.285363  	
0.773000	0         	0.773000	0.285359  	0.773000	0.00990026	0.773000	0.285359  	
0.773500	8.0961e-10	0.773500	0.285355  	0.773500	0.00990431	0.773500	0.285355  	
0.774000	1.05485e-08	0.774000	0.285351  	0.774000	0.00990833	0.774000	0.285351  	
0.774500	6.1139e-08	0.774500	0.285347  	0.774500	0.00991233	0.774500	0.285347  	
0.775000	8.42674e-08	0.775000	0.285341  	0.775000	0.00991828	0.775000	0.285341  	
0.775500	1.04485e-06	0.775500	0.285336  	0.775500	0.00992225	0.775500	0.285337  	
0.776000	2.35001e-06	0.776000	0.285331  	0.776000	0.00992621	0.776000	0.285333  	
0.776500	4.19359e-06	0.776500	0.285325  	0.776500	0.00993023	0.776500	0.285329  	
0.777000	7.30967e-06	0.777000	0.285318  	0.777000	0.00993449	0.777000	0.285325  	
0.777500	1.11843e-05	0.777500	0.285309  	0.777500	0.00993925	0.777500	0.28532   	
0.778000	1.56255e-05	0.778000	0.285299  	0.778000	0.0099447 	0.778000	0.285315  	
0.778500	2.1237e-05	0.778500	0.285287  	0.778500	0.00995112	0.778500	0.285308  	
0.779000	2.83862e-05	0.779000	0.285272  	0.779000	0.00995902	0.779000	0.2853    	
0.779500	3.63695e-05	0.779500	0.285254  	0.779500	0.0099687 	0.779500	0.285291  	
0.780000	4.57648e-05	0.780000	0.285233  	0.780000	0.00998043	0.780000	0.285279  	
0.780500	5.78514e-05	0.780500	0.285207  	0.780500	0.00999478	0.780500	0.285265  	
0.781000	7.31835e-05	0.781000	0.285174  	0.781000	0.0100124 	0.781000	0.285247  	
0.781500	9.20616e-05	0.781500	0.285134  	0.781500	0.0100333 	0.781500	0.285226  	
0.782000	0.000115166	0.782000	0.285085  	0.782000	0.0100592 	0.782000	0.2852    	
0.782500	0.00014328	0.782500	0.285025  	0.782500	0.010091  	0.782500	0.285168  	
0.783000	0.000177277	0.783000	0.284952  	0.783000	0.0101299 	0.783000	0.28513   	
0.783500	0.000218128	0.783500	0.284864  	0.783500	0.0101776 	0.783500	0.285082  	
0.784000	0.00026692	0.784000	0.284756  	0.784000	0.0102361 	0.784000	0.285023  	
0.784500	0.000324781	0.784500	0.284627  	0.784500	0.0103073 	0.784500	0.284952  	
0.785000	0.000393017	0.785000	0.284472  	0.785000	0.0103944 	0.785000	0.284865  	
0.785500	0.000472887	0.785500	0.284287  	0.785500	0.0104991 	0.785500	0.28476   	
0.786000	0.000565841	0.786000	0.284068  	0.786000	0.0106253 	0.786000	0.284634  	
0.786500	0.00067335	0.786500	0.28381   	0.786500	0.0107764 	0.786500	0.284483  	
0.787000	0.000796869	0.787000	0.283506  	0.787000	0.0109564 	0.787000	0.284303  	
0.787500	0.000937736	0.787500	0.283152  	0.787500	0.0111695 	0.787500	0.28409   	
0.788000	0.00109768	0.788000	0.282741  	0.788000	0.0114207 	0.788000	0.283839  	
0.788500	0.00127822	0.788500	0.282266  	0.788500	0.0117149 	0.788500	0.283545  	
0.789000	0.00148053	0.789000	0.281721  	0.789000	0.012058  	0.789000	0.283201  	
0.789500	0.00170589	0.789500	0.281099  	0.789500	0.0124545 	0.789500	0.282805  	
0.790000	0.00195567	0.790000	0.280393  	0.790000	0.012911  	0.790000	0.282348  	
0.790500	0.00223068	0.790500	0.279595  	0.790500	0.0134341 	0.790500	0.281825  	
0.791000	0.00253239	0.791000	0.278699  	0.791000	0.0140284 	0.791000	0.281231  	
0.791500	0.00286072	0.791500	0.277698  	0.791500	0.0147004 	0.791500	0.280559  	
0.792000	0.00321565	0.792000	0.276589  	0.792000	0.0154546 	0.792000	0.279805  	
0.792500	0.0035971 	0.792500	0.275365  	0.792500	0.0162977 	0.792500	0.278962  	
0.793000	0.00400445	0.793000	0.274022  	0.793000	0.0172332 	0.793000	0.278026  	
0.793500	0.00443705	0.793500	0.27256   	0.793500	0.0182626 	0.793500	0.276997  	
0.794000	0.00489425	0.794000	0.270976  	0.794000	0.019389  	0.794000	0.27587   	
0.794500	0.00537533	0.794500	0.269272  	0.794500	0.0206118 	0.794500	0.274648  	
0.795000	0.00587881	0.795000	0.267451  	0.795000	0.02193   	0.795000	0.273329  	
0.795500	0.0064029 	0.795500	0.265521  	0.795500	0.023336  	0.795500	0.271923  	
0.796000	0.00694619	0.796000	0.26349   	0.796000	0.0248232 	0.796000	0.270436  	
0.796500	0.0075078 	0.796500	0.261367  	0.796500	0.0263844 	0.796500	0.268875  	
0.797000	0.00808605	0.797000	0.259164  	0.797000	0.0280099 	0.797000	0.26725   	
0.797500	0.00867901	0.797500	0.25689   	0.797500	0.0296903 	0.797500	0.265569  	
0.798000	0.00927863	0.798000	0.254589  	0.798000	0.0313914 	0.798000	0.263868  	
0.798500	0.00988614	0.798500	0.252334  	0.798500	0.0330394 	0.798500	0.26222   	
0.799000	0.0105045 	0.799000	0.250152  	0.799000	0.0346029 	0.799000	0.260657  	
0.799500	0.011137  	0.799500	0.247963  	0.799500	0.0361598 	0.799500	0.2591    	
0.800000	0.0117853 	0.800000	0.2458    	0.800000	0.0376743 	0.800000	0.257585  	
0.800500	0.0124442 	0.800500	0.243725  	0.800500	0.0390899 	0.800500	0.25617   	
0.801000	0.0131163 	0.801000	0.241716  	0.801000	0.0404274 	0.801000	0.254832  	
0.801500	0.0138107 	0.801500	0.239807  	0.801500	0.0416416 	0.801500	0.253618  	
0.802000	0.0145361 	0.802000	0.238096  	0.802000	0.0426276 	0.802000	0.252632  	
0.802500	0.0152954 	0.802500	0.236622  	0.802500	0.0433419 	0.802500	0.251918  	
0.803000	0.0160862 	0.803000	0.235417  	0.803000	0.0437566 	0.803000	0.251503  	
0.803500	0.0169167 	0.803500	0.234499  	0.803500	0.0438439 	0.803500	0.251416  	
0.804000	0.0178022 	0.804000	0.233832  	0.804000	0.0436255 	0.804000	0.251634  	
0.804500	0.0187591 	0.804500	0.233346  	0.804500	0.0431541 	0.804500	0.252105  	
0.805000	0.0198037 	0.805000	0.232963  	0.805000	0.0424928 	0.805000	0.252767  	
0.805500	0.0209643 	0.805500	0.232585  	0.805500	0.0417105 	0.805500	0.253549  	
0.806000	0.02227   	0.806000	0.23211   	0.806000	0.0408798 	0.806000	0.25438   	
0.806500	0.0236905 	0.806500	0.231473  	0.806500	0.0400956 	0.806500	0.255164  	
0.807000	0.0253623 	0.807000	0.230473  	0.807000	0.0394238 	0.807000	0.255836  	
0.807500	0.0270807 	0.807500	0.229222  	0.807500	0.0389565 	0.807500	0.256303  	
0.808000	0.0290554 	0.808000	0.227318  	0.808000	0.0388861 	0.808000	0.256373  	
0.808500	0.0314662 	0.808500	0.224344  	0.808500	0.0394492 	0.808500	0.25581   	
0.809000	0.0332463 	0.809000	0.221575  	0.809000	0.0404386 	0.809000	0.254821  	
0.809500	0.0353524 	0.809500	0.21723   	0.809500	0.0426775 	0.809500	0.252582  	
0.810000	0.0377786 	0.810000	0.211245  	0.810000	0.0462359 	0.810000	0.249024  	
0.810500	0.0396757 	0.810500	0.205073  	0.810500	0.0505111 	0.810500	0.244748  	
0.811000	0.0410853 	0.811000	0.198263  	0.811000	0.0559114 	0.811000	0.239348  	
0.811500	0.0425452 	0.811500	0.190013  	0.811500	0.0627013 	0.811500	0.232558  	
0.812000	0.0438633 	0.812000	0.180249  	0.812000	0.0711471 	0.812000	0.224112  	
0.812500	0.0448652 	0.812500	0.168925  	0.812500	0.0814691 	0.812500	0.21379   	
0.813000	0.0456755 	0.813000	0.155363  	0.813000	0.0942206 	0.813000	0.201039  	
0.813500	0.0462383 	0.813500	0.13956   	0.813500	0.109461  	0.813500	0.185798  	
0.814000	0.0465391 	0.814000	0.123238  	0.814000	0.125482  	0.814000	0.169777  	
0.814500	0.0465526 	0.814500	0.107702  	0.814500	0.141005  	0.814500	0.154254  	
0.815000	0.0462572 	0.815000	0.0931088 	0.815000	0.155893  	0.815000	0.139366  	
0.815500	0.0455173 	0.815500	0.0783942 	0.815500	0.171348  	0.815500	0.123912  	
0.816000	0.0441944 	0.816000	0.0637449 	0.816000	0.18732   	0.816000	0.107939  	
0.816500	0.0489884 	0.816500	0.0169907 	0.816500	0.22928   	0.816500	0.0659791 	
0.817000	0.0439839 	0.817000	0.0109787 	0.817000	0.240297  	0.817000	0.0549626 	
0.817500	0.0393693 	0.817500	0.00417048	0.817500	0.25172   	0.817500	0.0435398 	
0.818000	0.0353639 	0.818000	0.000215082	0.818000	0.25968   	0.818000	0.035579  	
0.818500	0.0270887 	0.818500	4.95597e-06	0.818500	0.268166  	0.818500	0.0270937 	
0.819000	0.0190018 	0.819000	1.30416e-11	0.819000	0.276258  	0.819000	0.0190018 	
0.819500	0.0168459 	0.819500	0         	0.819500	0.278414  	0.819500	0.0168459 	
0.820000	0.00744417	0.820000	0         	0.820000	0.287815  	0.820000	0.00744417	
0.820500	0.0090448 	0.820500	0         	0.820500	0.286215  	0.820500	0.0090448 	
0.821000	0.00456362	0.821000	0         	0.821000	0.290696  	0.821000	0.00456362	
0.821500	0.0021467 	0.821500	0         	0.821500	0.293113  	0.821500	0.0021467 	
0.822000	0.00101899	0.822000	0         	0.822000	0.29424   	0.822000	0.00101899	
0.822500	1.36848e-13	0.822500	0         	0.822500	0.295259  	0.822500	1.36848e-13	
0.823000	4.09997e-15	0.823000	0         	0.823000	0.295259  	0.823000	4.09997e-15	
0.823500	0.000158018	0.823500	0         	0.823500	0.295101  	0.823500	0.000158018	
0.824000	2.38495e-17	0.824000	0         	0.824000	0.295259  	0.824000	2.38495e-17	
0.824500	2.98665e-05	0.824500	0         	0.824500	0.29523   	0.824500	2.98665e-05	
0.825000	0         	0.825000	0         	0.825000	0.295259  	0.825000	0         	
0.825500	0         	0.825500	0         	0.825500	0.295259  	0.825500	0         	
0.826000	0         	0.826000	0         	0.826000	0.295259  	0.826000	0         	
0.826500	0         	0.826500	0         	0.826500	0.295259  	0.826500	0         	
0.827000	0         	0.827000	0         	0.827000	0.295259  	0.827000	0         	
0.827500	0         	0.827500	0         	0.827500	0.295259  	0.827500	0         	
0.828000	0         	0.828000	0         	0.828000	0.295259  	0.828000	0         	
0.828500	0         	0.828500	0         	0.828500	0.295259  	0.828500	0         	
0.829000	0         	0.829000	0         	0.829000	0.295259  	0.829000	0         	
0.829500	0         	0.829500	0         	0.829500	0.295259  	0.829500	0         	
0.830000	0         	0.830000	0         	0.830000	0.295259  	0.830000	0         	
0.830500	0         	0.830500	0         	0.830500	0.295259  	0.830500	0         	
0.831000	0         	0.831000	0         	0.831000	0.295259  	0.831000	0         	
0.831500	0         	0.831500	0         	0.831500	0.295259  	0.831500	0         	
0.832000	0         	0.832000	0         	0.832000	0.295259  	0.832000	0         	
0.832500	0         	0.832500	0         	0.832500	0.295259  	0.832500	0         	
0.833000	0         	0.833000	0         	0.833000	0.295259  	0.833000	0         	
0.833500	0         	0.833500	0         	0.833500	0.295259  	0.833500	0         	
0.834000	0         	0.834000	0         	0.834000	0.295259  	0.834000	0         	
0.834500	0         	0.834500	0         	0.834500	0.295259  	0.834500	0         	
0.835000	0         	0.835000	0         	0.835000	0.295259  	0.835000	0         	
0.835500	0         	0.835500	0         	0.835500	0.295259  	0.835500	0         	
0.836000	0         	0.836000	0         	0.836000	0.295259  	0.836000	0         	
0.836500	0         	0.836500	0         	0.836500	0.295259  	0.836500	0         	
0.837000	0         	0.837000	0         	0.837000	0.295259  	0.837000	0         	
0.837500	0         	0.837500	0         	0.837500	0.295259  	0.837500	0         	
0.838000	0         	0.838000	0         	0.838000	0.295259  	0.838000	0         	
0.838500	0         	0.838500	0         	0.838500	0.295259  	0.838500	0         	
0.839000	0         	0.839000	0         	0.839000	0.295259  	0.839000	0         	
0.839500	0         	0.839500	0         	0.839500	0.295259  	0.839500	0         	
0.840000	0         	0.840000	0         	0.840000	0.295259  	0.840000	0         	
0.840500	0         	0.840500	0         	0.840500	0.295259  	0.840500	0         	
0.841000	0         	0.841000	0         	0.841000	0.295259  	0.841000	0         	
0.841500	0         	0.841500	0         	0.841500	0.295259  	0.841500	0         	
0.842000	0         	0.842000	0         	0.842000	0.295259  	0.842000	0         	
0.842500	0         	0.842500	0         	0.842500	0.295259  	0.842500	0         	
0.843000	0         	0.843000	0         	0.843000	0.295259  	0.843000	0         	
0.843500	0         	0.843500	0         	0.843500	0.295259  	0.843500	0         	
0.844000	0         	0.844000	0         	0.844000	0.295259  	0.844000	0         	
0.844500	0         	0.844500	0         	0.844500	0.295259  	0.844500	0         	
0.845000	0         	0.845000	0         	0.845000	0.295259  	0.845000	0         	
0.845500	0         	0.845500	0         	0.845500	0.295259  	0.845500	0         	
0.846000	0         	0.846000	0         	0.846000	0.295259  	0.846000	0         	
0.846500	0         	0.846500	0         	0.846500	0.295259  	0.846500	0         	
0.847000	0         	0.847000	0         	0.847000	0.295259  	0.847000	0         	
0.847500	0         	0.847500	0         	0.847500	0.295259  	0.847500	0         	
0.848000	0         	0.848000	0         	0.848000	0.295259  	0.848000	0         	
0.848500	0         	0.848500	0         	0.848500	0.295259  	0.848500	0         	
0.849000	0         	0.849000	0         	0.849000	0.295259  	0.849000	0         	
0.849500	0         	0.849500	0         	0.849500	0.295259  	0.849500	0         	
0.850000	0         	0.850000	0         	0.850000	0.295259  	0.850000	0         	
0.850500	0         	0.850500	0         	0.850500	0.295259  	0.850500	0         	
0.851000	0         	0.851000	0         	0.851000	0.295259  	0.851000	0         	
0.851500	0         	0.851500	0         	0.851500	0.295259  	0.851500	0         	
0.852000	0         	0.852000	0         	0.852000	0.295259  	0.852000	0         	
0.852500	0         	0.852500	0         	0.852500	0.295259  	0.852500	0         	
0.853000	0         	0.853000	0         	0.853000	0.295259  	0.853000	0         	
0.853500	0         	0.853500	0         	0.853500	0.295259  	0.853500	0         	
0.854000	0         	0.854000	0         	0.854000	0.295259  	0.854000	0         	
0.854500	0         	0.854500	0         	0.854500	0.295259  	0.854500	0         	
0.855000	0         	0.855000	0         	0.855000	0.295259  	0.855000	0         	
0.855500	0         	0.855500	0         	0.855500	0.295259  	0.855500	0         	
0.856000	0         	0.856000	0         	0.856000	0.295259  	0.856000	0         	
0.856500	0         	0.856500	0         	0.856500	0.295259  	0.856500	0         	
0.857000	0         	0.857000	0         	0.857000	0.295259  	0.857000	0         	
0.857500	0         	0.857500	0         	0.857500	0.295259  	0.857500	0         	
0.858000	0         	0.858000	0         	0.858000	0.295259  	0.858000	0         	
0.858500	0         	0.858500	0         	0.858500	0.295259  	0.858500	0         	
0.859000	0         	0.859000	0         	0.859000	0.295259  	0.859000	0         	
0.859500	0         	0.859500	0         	0.859500	0.295259  	0.859500	0         	
0.860000	0         	0.860000	0         	0.860000	0.295259  	0.860000	0         	
0.860500	0         	0.860500	0         	0.860500	0.295259  	0.860500	0         	
0.861000	0         	0.861000	0         	0.861000	0.295259  	0.861000	0         	
0.861500	0         	0.861500	0         	0.861500	0.295259  	0.861500	0         	
0.862000	0         	0.862000	0         	0.862000	0.295259  	0.862000	0         	
0.862500	0         	0.862500	0         	0.862500	0.295259  	0.862500	0         	
0.863000	0         	0.863000	0         	0.863000	0.295259  	0.863000	0         	
0.863500	0         	0.863500	0         	0.863500	0.295259  	0.863500	0         	
0.864000	0         	0.864000	0         	0.864000	0.295259  	0.864000	0         	
0.864500	0         	0.864500	0         	0.864500	0.295259  	0.864500	0         	
0.865000	0         	0.865000	0         	0.865000	0.295259  	0.865000	0         	
0.865500	0         	0.865500	0         	0.865500	0.295259  	0.865500	0         	
0.866000	0         	0.866000	0         	0.866000	0.295259  	0.866000	0         	
0.866500	0         	0.866500	0         	0.866500	0.295259  	0.866500	0         	
0.867000	0         	0.867000	0         	0.867000	0.295259  	0.867000	0         	
0.867500	0         	0.867500	0         	0.867500	0.295259  	0.867500	0         	
0.868000	0         	0.868000	0         	0.868000	0.295259  	0.868000	0         	
0.868500	0         	0.868500	0         	0.868500	0.295259  	0.868500	0         	
0.869000	0         	0.869000	0         	0.869000	0.295259  	0.869000	0         	
0.869500	0         	0.869500	0         	0.869500	0.295259  	0.869500	0         	
0.870000	0         	0.870000	0         	0.870000	0.295259  	0.870000	0         	
0.870500	0         	0.870500	0         	0.870500	0.295259  	0.870500	0         	
0.871000	0         	0.871000	0         	0.871000	0.295259  	0.871000	0         	
0.871500	0         	0.871500	0         	0.871500	0.295259  	0.871500	0         	
0.872000	0         	0.872000	0         	0.872000	0.295259  	0.872000	0         	
0.872500	0         	0.872500	0         	0.872500	0.295259  	0.872500	0         	
0.873000	0         	0.873000	0         	0.873000	0.295259  	0.873000	0         	
0.873500	0         	0.873500	0         	0.873500	0.295259  	0.873500	0         	
0.874000	0         	0.874000	0         	0.874000	0.295259  	0.874000	0         	
0.874500	0         	0.874500	0         	0.874500	0.295259  	0.874500	0         	
0.875000	0         	0.875000	0         	0.875000	0.295259  	0.875000	0         	
0.875500	0         	0.875500	0         	0.875500	0.295259  	0.875500	0         	
0.876000	0         	0.876000	0         	0.876000	0.295259  	0.876000	0         	
0.876500	0         	0.876500	0         	0.876500	0.295259  	0.876500	0         	
0.877000	0         	0.877000	0         	0.877000	0.295259  	0.877000	0         	
0.877500	0         	0.877500	0         	0.877500	0.295259  	0.877500	0         	
0.878000	0         	0.878000	0         	0.878000	0.295259  	0.878000	0         	
0.878500	0         	0.878500	0         	0.878500	0.295259  	0.878500	0         	
0.879000	0         	0.879000	0         	0.879000	0.295259  	0.879000	0         	
0.879500	0         	0.879500	0         	0.879500	0.295259  	0.879500	0         	
0.880000	0         	0.880000	0         	0.880000	0.295259  	0.880000	0         	
0.880500	0         	0.880500	0         	0.880500	0.295259  	0.880500	0         	
0.881000	0         	0.881000	0         	0.881000	0.295259  	0.881000	0         	
0.881500	0         	0.881500	0         	0.881500	0.295259  	0.881500	0         	
0.882000	0         	0.882000	0         	0.882000	0.295259  	0.882000	0         	
0.882500	0         	0.882500	0         	0.882500	0.295259  	0.882500	0         	
0.883000	0         	0.883000	0         	0.883000	0.295259  	0.883000	0         	
0.883500	0         	0.883500	0         	0.883500	0.295259  	0.883500	0         	
0.884000	0         	0.884000	0         	0.884000	0.295259  	0.884000	0         	
0.884500	0         	0.884500	0         	0.884500	0.295259  	0.884500	0         	
0.885000	0         	0.885000	0         	0.885000	0.295259  	0.885000	0         	
0.885500	0         	0.885500	0         	0.885500	0.295259  	0.885500	0         	
0.886000	0         	0.886000	0         	0.886000	0.295259  	0.886000	0         	
0.886500	0         	0.886500	0         	0.886500	0.295259  	0.886500	0         	
0.887000	0         	0.887000	0         	0.887000	0.295259  	0.887000	0         	
0.887500	0         	0.887500	0         	0.887500	0.295259  	0.887500	0         	
0.888000	0         	0.888000	0         	0.888000	0.295259  	0.888000	0         	
0.888500	0         	0.888500	0         	0.888500	0.295259  	0.888500	0         	
0.889000	0         	0.889000	0         	0.889000	0.295259  	0.889000	0         	
0.889500	0         	0.889500	0         	0.889500	0.295259  	0.889500	0         	
0.890000	0         	0.890000	0         	0.890000	0.295259  	0.890000	0         	
0.890500	0         	0.890500	0         	0.890500	0.295259  	0.890500	0         	
0.891000	0         	0.891000	0         	0.891000	0.295259  	0.891000	0         	
0.891500	0         	0.891500	0         	0.891500	0.295259  	0.891500	0         	
0.892000	0         	0.892000	0         	0.892000	0.295259  	0.892000	0         	
0.892500	0         	0.892500	0         	0.892500	0.295259  	0.892500	0         	
0.893000	0         	0.893000	0         	0.893000	0.295259  	0.893000	0         	
0.893500	0         	0.893500	0         	0.893500	0.295259  	0.893500	0         	
0.894000	0         	0.894000	0         	0.894000	0.295259  	0.894000	0         	
0.894500	0         	0.894500	0         	0.894500	0.295259  	0.894500	0         	
0.895000	0         	0.895000	0         	0.895000	0.295259  	0.895000	0         	
0.895500	0         	0.895500	0         	0.895500	0.295259  	0.895500	0         	
0.896000	0         	0.896000	0         	0.896000	0.295259  	0.896000	0         	
0.896500	0         	0.896500	0         	0.896500	0.295259  	0.896500	0         	
0.897000	0         	0.897000	0         	0.897000	0.295259  	0.897000	0         	
0.897500	0         	0.897500	0         	0.897500	0.295259  	0.897500	0         	
0.898000	0         	0.898000	0         	0.898000	0.295259  	0.898000	0         	
0.898500	0         	0.898500	0         	0.898500	0.295259  	0.898500	0         	
0.899000	0         	0.899000	0         	0.899000	0.295259  	0.899000	0         	
0.899500	0         	0.899500	0         	0.899500	0.295259  	0.899500	0         	
0.900000	0         	0.900000	0         	0.900000	0.295259  	0.900000	0         	
0.900500	0         	0.900500	0         	0.900500	0.295259  	0.900500	0         	
0.901000	0         	0.901000	0         	0.901000	0.295259  	0.901000	0         	
0.901500	0         	0.901500	0         	0.901500	0.295259  	0.901500	0         	
0.902000	0         	0.902000	0         	0.902000	0.295259  	0.902000	0         	
0.902500	0         	0.902500	0         	0.902500	0.295259  	0.902500	0         	
0.903000	0         	0.903000	0         	0.903000	0.295259  	0.903000	0         	
0.903500	0         	0.903500	0         	0.903500	0.295259  	0.903500	0         	
0.904000	0         	0.904000	0         	0.904000	0.295259  	0.904000	0         	
0.904500	0         	0.904500	0         	0.904500	0.295259  	0.904500	0         	
0.905000	0         	0.905000	0         	0.905000	0.295259  	0.905000	0         	
0.905500	0         	0.905500	0         	0.905500	0.295259  	0.905500	0         	
0.906000	0         	0.906000	0         	0.906000	0.295259  	0.906000	0         	
0.906500	0         	0.906500	0         	0.906500	0.295259  	0.906500	0         	
0.907000	0         	0.907000	0         	0.907000	0.295259  	0.907000	0         	
0.907500	0         	0.907500	0         	0.907500	0.295259  	0.907500	0         	
0.908000	0         	0.908000	0         	0.908000	0.295259  	0.908000	0         	
0.908500	0         	0.908500	0         	0.908500	0.295259  	0.908500	0         	
0.909000	0         	0.909000	0         	0.909000	0.295259  	0.909000	0         	
0.909500	0         	0.909500	0         	0.909500	0.295259  	0.909500	0         	
0.910000	0         	0.910000	0         	0.910000	0.295259  	0.910000	0         	
0.910500	0         	0.910500	0         	0.910500	0.295259  	0.910500	0         	
0.911000	0         	0.911000	0         	0.911000	0.295259  	0.911000	0         	
0.911500	0         	0.911500	0         	0.911500	0.295259  	0.911500	0         	
0.912000	0         	0.912000	0         	0.912000	0.295259  	0.912000	0         	
0.912500	0         	0.912500	0         	0.912500	0.295259  	0.912500	0         	
0.913000	0         	0.913000	0         	0.913000	0.295259  	0.913000	0         	
0.913500	0         	0.913500	0         	0.913500	0.295259  	0.913500	0         	
0.914000	0         	0.914000	0         	0.914000	0.295259  	0.914000	0         	
0.914500	0         	0.914500	0         	0.914500	0.295259  	0.914500	0         	
0.915000	0         	0.915000	0         	0.915000	0.295259  	0.915000	0         	
0.915500	0         	0.915500	0         	0.915500	0.295259  	0.915500	0         	
0.916000	0         	0.916000	0         	0.916000	0.295259  	0.916000	0         	
0.916500	0         	0.916500	0         	0.916500	0.295259  	0.916500	0         	
0.917000	0         	0.917000	0         	0.917000	0.295259  	0.917000	0         	
0.917500	0         	0.917500	0         	0.917500	0.295259  	0.917500	0         	
0.918000	0         	0.918000	0         	0.918000	0.295259  	0.918000	0         	
0.918500	0         	0.918500	0         	0.918500	0.295259  	0.918500	0         	
0.919000	0         	0.919000	0         	0.919000	0.295259  	0.919000	0         	
0.919500	0         	0.919500	0         	0.919500	0.295259  	0.919500	0         	
0.920000	0         	0.920000	0         	0.920000	0.295259  	0.920000	0         	
0.920500	0         	0.920500	0         	0.920500	0.295259  	0.920500	0         	
0.921000	0         	0.921000	0         	0.921000	0.295259  	0.921000	0         	
0.921500	0         	0.921500	0         	0.921500	0.295259  	0.921500	0         	
0.922000	0         	0.922000	0         	0.922000	0.295259  	0.922000	0         	
0.922500	0         	0.922500	0         	0.922500	0.295259  	0.922500	0         	
0.923000	0         	0.923000	0         	0.923000	0.295259  	0.923000	0         	
0.923500	0         	0.923500	0         	0.923500	0.295259  	0.923500	0         	
0.924000	0         	0.924000	0         	0.924000	0.295259  	0.924000	0         	
0.924500	0         	0.924500	0         	0.924500	0.295259  	0.924500	0         	
0.925000	0         	0.925000	0         	0.925000	0.295259  	0.925000	0         	
0.925500	0         	0.925500	0         	0.925500	0.295259  	0.925500	0         	
0.926000	0         	0.926000	0         	0.926000	0.295259  	0.926000	0         	
0.926500	0         	0.926500	0         	0.926500	0.295259  	0.926500	0         	
0.927000	0         	0.927000	0         	0.927000	0.295259  	0.927000	0         	
0.927500	0         	0.927500	0         	0.927500	0.295259  	0.927500	0         	
0.928000	0         	0.928000	0         	0.928000	0.295259  	0.928000	0         	
0.928500	0         	0.928500	0         	0.928500	0.295259  	0.928500	0         	
0.929000	0         	0.929000	0         	0.929000	0.295259  	0.929000	0         	
0.929500	0         	0.929500	0         	0.929500	0.295259  	0.929500	0         	
0.930000	0         	0.930000	0         	0.930000	0.295259  	0.930000	0         	
0.930500	0         	0.930500	0         	0.930500	0.295259  	0.930500	0         	
0.931000	0         	0.931000	0         	0.931000	0.295259  	0.931000	0         	
0.931500	0         	0.931500	0         	0.931500	0.295259  	0.931500	0         	
0.932000	0         	0.932000	0         	0.932000	0.295259  	0.932000	0         	
0.932500	0         	0.932500	0         	0.932500	0.295259  	0.932500	0         	
0.933000	0         	0.933000	0         	0.933000	0.295259  	0.933000	0         	
0.933500	0         	0.933500	0         	0.933500	0.295259  	0.933500	0         	
0.934000	0         	0.934000	0         	0.934000	0.295259  	0.934000	0         	
0.934500	0         	0.934500	0         	0.934500	0.295259  	0.934500	0         	
0.935000	0         	0.935000	0         	0.935000	0.295259  	0.935000	0         	
0.935500	0         	0.935500	0         	0.935500	0.295259  	0.935500	0         	
0.936000	0         	0.936000	0         	0.936000	0.295259  	0.936000	0         	
0.936500	0         	0.936500	0         	0.936500	0.295259  	0.936500	0         	
0.937000	0         	0.937000	0         	0.937000	0.295259  	0.937000	0         	
0.937500	0         	0.937500	0         	0.937500	0.295259  	0.937500	0         	
0.938000	0         	0.938000	0         	0.938000	0.295259  	0.938000	0         	
0.938500	0         	0.938500	0         	0.938500	0.295259  	0.938500	0         	
0.939000	0         	0.939000	0         	0.939000	0.295259  	0.939000	0         	
0.939500	0         	0.939500	0         	0.939500	0.295259  	0.939500	0         	
0.940000	0         	0.940000	0         	0.940000	0.295259  	0.940000	0         	
0.940500	0         	0.940500	0         	0.940500	0.295259  	0.940500	0         	
0.941000	0         	0.941000	0         	0.941000	0.295259  	0.941000	0         	
0.941500	0         	0.941500	0         	0.941500	0.295259  	0.941500	0         	
0.942000	0         	0.942000	0         	0.942000	0.295259  	0.942000	0         	
0.942500	0         	0.942500	0         	0.942500	0.295259  	0.942500	0         	
0.943000	0         	0.943000	0         	0.943000	0.295259  	0.943000	0         	
0.943500	0         	0.943500	0         	0.943500	0.295259  	0.943500	0         	
0.944000	0         	0.944000	0         	0.944000	0.295259  	0.944000	0         	
0.944500	0         	0.944500	0         	0.944500	0.295259  	0.944500	0         	
0.945000	0         	0.945000	0         	0.945000	0.295259  	0.945000	0         	
0.945500	0         	0.945500	0         	0.945500	0.295259  	0.945500	0         	
0.946000	0         	0.946000	0         	0.946000	0.295259  	0.946000	0         	
0.946500	0         	0.946500	0         	0.946500	0.295259  	0.946500	0         	
0.947000	0         	0.947000	0         	0.947000	0.295259  	0.947000	0         	
0.947500	0         	0.947500	0         	0.947500	0.295259  	0.947500	0         	
0.948000	0         	0.948000	0         	0.948000	0.295259  	0.948000	0         	
0.948500	0         	0.948500	0         	0.948500	0.295259  	0.948500	0         	
0.949000	0         	0.949000	0         	0.949000	0.295259  	0.949000	0         	
0.949500	0         	0.949500	0         	0.949500	0.295259  	0.949500	0         	
0.950000	0         	0.950000	0         	0.950000	0.295259  	0.950000	0         	
0.950500	0         	0.950500	0         	0.950500	0.295259  	0.950500	0         	
0.951000	0         	0.951000	0         	0.951000	0.295259  	0.951000	0         	
0.951500	0         	0.951500	0         	0.951500	0.295259  	0.951500	0         	
0.952000	0         	0.952000	0         	0.952000	0.295259  	0.952000	0         	
0.952500	0         	0.952500	0         	0.952500	0.295259  	0.952500	0         	
0.953000	0         	0.953000	0         	0.953000	0.295259  	0.953000	0         	
0.953500	0         	0.953500	0         	0.953500	0.295259  	0.953500	0         	
0.954000	0         	0.954000	0         	0.954000	0.295259  	0.954000	0         	
0.954500	0         	0.954500	0         	0.954500	0.295259  	0.954500	0         	
0.955000	0         	0.955000	0         	0.955000	0.295259  	0.955000	0         	
0.955500	0         	0.955500	0         	0.955500	0.295259  	0.955500	0         	
0.956000	0         	0.956000	0         	0.956000	0.295259  	0.956000	0         	
0.956500	0         	0.956500	0         	0.956500	0.295259  	0.956500	0         	
0.957000	0         	0.957000	0         	0.957000	0.295259  	0.957000	0         	
0.957500	0         	0.957500	0         	0.957500	0.295259  	0.957500	0         	
0.958000	0         	0.958000	0         	0.958000	0.295259  	0.958000	0         	
0.958500	0         	0.958500	0         	0.958500	0.295259  	0.958500	0         	
0.959000	0         	0.959000	0         	0.959000	0.295259  	0.959000	0         	
0.959500	0         	0.959500	0         	0.959500	0.295259  	0.959500	0         	
0.960000	0         	0.960000	0         	0.960000	0.295259  	0.960000	0         	
