Thickness of SUS flat deg [mm]1	(B-C) stopped in THIS detector	Thickness of SUS flat deg [mm]2	(C)   yield after THIS detector 	Thickness of SUS flat deg [mm]3	(A-B) stopped before THIS detector	Thickness of SUS flat deg [mm]4	(B)   yield before THIS detector	
0.660000	0         	0.660000	8.01063   	0.660000	0.243799  	0.660000	8.01063   	
0.660500	0         	0.660500	8.01047   	0.660500	0.24396   	0.660500	8.01047   	
0.661000	0         	0.661000	8.01031   	0.661000	0.244121  	0.661000	8.01031   	
0.661500	0         	0.661500	8.01015   	0.661500	0.244282  	0.661500	8.01015   	
0.662000	0         	0.662000	8.00999   	0.662000	0.244442  	0.662000	8.00999   	
0.662500	0         	0.662500	8.00983   	0.662500	0.244603  	0.662500	8.00983   	
0.663000	0         	0.663000	8.00967   	0.663000	0.244764  	0.663000	8.00967   	
0.663500	0         	0.663500	8.00951   	0.663500	0.244925  	0.663500	8.00951   	
0.664000	0         	0.664000	8.00935   	0.664000	0.245085  	0.664000	8.00935   	
0.664500	0         	0.664500	8.00919   	0.664500	0.245246  	0.664500	8.00919   	
0.665000	0         	0.665000	8.00903   	0.665000	0.245406  	0.665000	8.00903   	
0.665500	0         	0.665500	8.00887   	0.665500	0.245567  	0.665500	8.00887   	
0.666000	0         	0.666000	8.00871   	0.666000	0.245727  	0.666000	8.00871   	
0.666500	0         	0.666500	8.00854   	0.666500	0.245888  	0.666500	8.00854   	
0.667000	0         	0.667000	8.00838   	0.667000	0.246048  	0.667000	8.00838   	
0.667500	0         	0.667500	8.00822   	0.667500	0.246209  	0.667500	8.00822   	
0.668000	0         	0.668000	8.00806   	0.668000	0.246369  	0.668000	8.00806   	
0.668500	0         	0.668500	8.0079    	0.668500	0.246529  	0.668500	8.0079    	
0.669000	0         	0.669000	8.00774   	0.669000	0.24669   	0.669000	8.00774   	
0.669500	0         	0.669500	8.00758   	0.669500	0.24685   	0.669500	8.00758   	
0.670000	0         	0.670000	8.00742   	0.670000	0.24701   	0.670000	8.00742   	
0.670500	0         	0.670500	8.00726   	0.670500	0.24717   	0.670500	8.00726   	
0.671000	0         	0.671000	8.0071    	0.671000	0.24733   	0.671000	8.0071    	
0.671500	0         	0.671500	8.00694   	0.671500	0.24749   	0.671500	8.00694   	
0.672000	0         	0.672000	8.00678   	0.672000	0.24765   	0.672000	8.00678   	
0.672500	0         	0.672500	8.00662   	0.672500	0.247809  	0.672500	8.00662   	
0.673000	0         	0.673000	8.00646   	0.673000	0.247969  	0.673000	8.00646   	
0.673500	0         	0.673500	8.0063    	0.673500	0.248129  	0.673500	8.0063    	
0.674000	0         	0.674000	8.00614   	0.674000	0.248288  	0.674000	8.00614   	
0.674500	0         	0.674500	8.00598   	0.674500	0.248448  	0.674500	8.00598   	
0.675000	0         	0.675000	8.00583   	0.675000	0.248607  	0.675000	8.00583   	
0.675500	0         	0.675500	8.00567   	0.675500	0.248767  	0.675500	8.00567   	
0.676000	0         	0.676000	8.00551   	0.676000	0.248926  	0.676000	8.00551   	
0.676500	0         	0.676500	8.00535   	0.676500	0.249085  	0.676500	8.00535   	
0.677000	0         	0.677000	8.00519   	0.677000	0.249245  	0.677000	8.00519   	
0.677500	0         	0.677500	8.00503   	0.677500	0.249404  	0.677500	8.00503   	
0.678000	0         	0.678000	8.00487   	0.678000	0.249563  	0.678000	8.00487   	
0.678500	0         	0.678500	8.00471   	0.678500	0.249723  	0.678500	8.00471   	
0.679000	0         	0.679000	8.00455   	0.679000	0.249882  	0.679000	8.00455   	
0.679500	0         	0.679500	8.00439   	0.679500	0.250041  	0.679500	8.00439   	
0.680000	0         	0.680000	8.00423   	0.680000	0.2502    	0.680000	8.00423   	
0.680500	0         	0.680500	8.00407   	0.680500	0.250359  	0.680500	8.00407   	
0.681000	0         	0.681000	8.00391   	0.681000	0.250519  	0.681000	8.00391   	
0.681500	0         	0.681500	8.00375   	0.681500	0.250678  	0.681500	8.00375   	
0.682000	0         	0.682000	8.0036    	0.682000	0.250837  	0.682000	8.0036    	
0.682500	0         	0.682500	8.00344   	0.682500	0.250996  	0.682500	8.00344   	
0.683000	0         	0.683000	8.00328   	0.683000	0.251155  	0.683000	8.00328   	
0.683500	0         	0.683500	8.00312   	0.683500	0.251314  	0.683500	8.00312   	
0.684000	0         	0.684000	8.00296   	0.684000	0.251472  	0.684000	8.00296   	
0.684500	0         	0.684500	8.0028    	0.684500	0.251631  	0.684500	8.0028    	
0.685000	0         	0.685000	8.00264   	0.685000	0.25179   	0.685000	8.00264   	
0.685500	0         	0.685500	8.00248   	0.685500	0.251949  	0.685500	8.00248   	
0.686000	0         	0.686000	8.00232   	0.686000	0.252108  	0.686000	8.00232   	
0.686500	0         	0.686500	8.00217   	0.686500	0.252266  	0.686500	8.00217   	
0.687000	0         	0.687000	8.00201   	0.687000	0.252425  	0.687000	8.00201   	
0.687500	0         	0.687500	8.00185   	0.687500	0.252584  	0.687500	8.00185   	
0.688000	0         	0.688000	8.00169   	0.688000	0.252742  	0.688000	8.00169   	
0.688500	0         	0.688500	8.00153   	0.688500	0.252901  	0.688500	8.00153   	
0.689000	0         	0.689000	8.00137   	0.689000	0.253059  	0.689000	8.00137   	
0.689500	0         	0.689500	8.00121   	0.689500	0.253218  	0.689500	8.00121   	
0.690000	0         	0.690000	8.00106   	0.690000	0.253376  	0.690000	8.00106   	
0.690500	0         	0.690500	8.0009    	0.690500	0.253534  	0.690500	8.0009    	
0.691000	0         	0.691000	8.00074   	0.691000	0.253693  	0.691000	8.00074   	
0.691500	0         	0.691500	8.00058   	0.691500	0.253851  	0.691500	8.00058   	
0.692000	0         	0.692000	8.00042   	0.692000	0.254009  	0.692000	8.00042   	
0.692500	0         	0.692500	8.00027   	0.692500	0.254168  	0.692500	8.00027   	
0.693000	0         	0.693000	8.00011   	0.693000	0.254326  	0.693000	8.00011   	
0.693500	0         	0.693500	7.99995   	0.693500	0.254484  	0.693500	7.99995   	
0.694000	0         	0.694000	7.99979   	0.694000	0.254642  	0.694000	7.99979   	
0.694500	0         	0.694500	7.99963   	0.694500	0.2548    	0.694500	7.99963   	
0.695000	0         	0.695000	7.99947   	0.695000	0.254958  	0.695000	7.99947   	
0.695500	0         	0.695500	7.99932   	0.695500	0.255116  	0.695500	7.99932   	
0.696000	0         	0.696000	7.99916   	0.696000	0.255274  	0.696000	7.99916   	
0.696500	0         	0.696500	7.999     	0.696500	0.255432  	0.696500	7.999     	
0.697000	0         	0.697000	7.99884   	0.697000	0.25559   	0.697000	7.99884   	
0.697500	0         	0.697500	7.99869   	0.697500	0.255747  	0.697500	7.99869   	
0.698000	0         	0.698000	7.99853   	0.698000	0.255905  	0.698000	7.99853   	
0.698500	0         	0.698500	7.99837   	0.698500	0.256063  	0.698500	7.99837   	
0.699000	0         	0.699000	7.99821   	0.699000	0.25622   	0.699000	7.99821   	
0.699500	0         	0.699500	7.99805   	0.699500	0.256378  	0.699500	7.99805   	
0.700000	0         	0.700000	7.9979    	0.700000	0.256535  	0.700000	7.9979    	
0.700500	0         	0.700500	7.99774   	0.700500	0.256693  	0.700500	7.99774   	
0.701000	0         	0.701000	7.99758   	0.701000	0.25685   	0.701000	7.99758   	
0.701500	0         	0.701500	7.99743   	0.701500	0.257007  	0.701500	7.99743   	
0.702000	0         	0.702000	7.99727   	0.702000	0.257165  	0.702000	7.99727   	
0.702500	0         	0.702500	7.99711   	0.702500	0.257322  	0.702500	7.99711   	
0.703000	0         	0.703000	7.99695   	0.703000	0.257479  	0.703000	7.99695   	
0.703500	0         	0.703500	7.9968    	0.703500	0.257636  	0.703500	7.9968    	
0.704000	0         	0.704000	7.99664   	0.704000	0.257794  	0.704000	7.99664   	
0.704500	0         	0.704500	7.99648   	0.704500	0.257951  	0.704500	7.99648   	
0.705000	0         	0.705000	7.99633   	0.705000	0.258107  	0.705000	7.99633   	
0.705500	0         	0.705500	7.99617   	0.705500	0.258264  	0.705500	7.99617   	
0.706000	0         	0.706000	7.99601   	0.706000	0.25842   	0.706000	7.99601   	
0.706500	0         	0.706500	7.99586   	0.706500	0.258577  	0.706500	7.99586   	
0.707000	0         	0.707000	7.9957    	0.707000	0.258733  	0.707000	7.9957    	
0.707500	0         	0.707500	7.99554   	0.707500	0.258889  	0.707500	7.99554   	
0.708000	0         	0.708000	7.99539   	0.708000	0.259046  	0.708000	7.99539   	
0.708500	0         	0.708500	7.99523   	0.708500	0.259202  	0.708500	7.99523   	
0.709000	0         	0.709000	7.99507   	0.709000	0.259358  	0.709000	7.99507   	
0.709500	0         	0.709500	7.99492   	0.709500	0.259515  	0.709500	7.99492   	
0.710000	0         	0.710000	7.99476   	0.710000	0.259671  	0.710000	7.99476   	
0.710500	0         	0.710500	7.99461   	0.710500	0.259827  	0.710500	7.99461   	
0.711000	0         	0.711000	7.99445   	0.711000	0.259983  	0.711000	7.99445   	
0.711500	0         	0.711500	7.99429   	0.711500	0.260139  	0.711500	7.99429   	
0.712000	0         	0.712000	7.99414   	0.712000	0.260295  	0.712000	7.99414   	
0.712500	0         	0.712500	7.99398   	0.712500	0.260451  	0.712500	7.99398   	
0.713000	0         	0.713000	7.99383   	0.713000	0.260606  	0.713000	7.99383   	
0.713500	0         	0.713500	7.99367   	0.713500	0.260762  	0.713500	7.99367   	
0.714000	0         	0.714000	7.99351   	0.714000	0.260918  	0.714000	7.99351   	
0.714500	0         	0.714500	7.99336   	0.714500	0.261074  	0.714500	7.99336   	
0.715000	0         	0.715000	7.9932    	0.715000	0.261229  	0.715000	7.9932    	
0.715500	0         	0.715500	7.99305   	0.715500	0.261385  	0.715500	7.99305   	
0.716000	0         	0.716000	7.99289   	0.716000	0.26154   	0.716000	7.99289   	
0.716500	0         	0.716500	7.99274   	0.716500	0.261696  	0.716500	7.99274   	
0.717000	0         	0.717000	7.99258   	0.717000	0.261851  	0.717000	7.99258   	
0.717500	0         	0.717500	7.99243   	0.717500	0.262006  	0.717500	7.99243   	
0.718000	0         	0.718000	7.99227   	0.718000	0.262162  	0.718000	7.99227   	
0.718500	0         	0.718500	7.99212   	0.718500	0.262317  	0.718500	7.99212   	
0.719000	0         	0.719000	7.99196   	0.719000	0.262472  	0.719000	7.99196   	
0.719500	0         	0.719500	7.99181   	0.719500	0.262627  	0.719500	7.99181   	
0.720000	0         	0.720000	7.99165   	0.720000	0.262782  	0.720000	7.99165   	
0.720500	0         	0.720500	7.9915    	0.720500	0.262937  	0.720500	7.9915    	
0.721000	0         	0.721000	7.99134   	0.721000	0.263092  	0.721000	7.99134   	
0.721500	0         	0.721500	7.99119   	0.721500	0.263247  	0.721500	7.99119   	
0.722000	0         	0.722000	7.99103   	0.722000	0.263402  	0.722000	7.99103   	
0.722500	0         	0.722500	7.99088   	0.722500	0.263556  	0.722500	7.99088   	
0.723000	0         	0.723000	7.99072   	0.723000	0.263711  	0.723000	7.99072   	
0.723500	0         	0.723500	7.99057   	0.723500	0.263866  	0.723500	7.99057   	
0.724000	0         	0.724000	7.99041   	0.724000	0.26402   	0.724000	7.99041   	
0.724500	0         	0.724500	7.99026   	0.724500	0.264175  	0.724500	7.99026   	
0.725000	0         	0.725000	7.9901    	0.725000	0.264329  	0.725000	7.9901    	
0.725500	0         	0.725500	7.98995   	0.725500	0.264483  	0.725500	7.98995   	
0.726000	0         	0.726000	7.98979   	0.726000	0.264638  	0.726000	7.98979   	
0.726500	0         	0.726500	7.98964   	0.726500	0.264792  	0.726500	7.98964   	
0.727000	0         	0.727000	7.98949   	0.727000	0.264946  	0.727000	7.98949   	
0.727500	0         	0.727500	7.98933   	0.727500	0.2651    	0.727500	7.98933   	
0.728000	0         	0.728000	7.98918   	0.728000	0.265254  	0.728000	7.98918   	
0.728500	0         	0.728500	7.98902   	0.728500	0.265408  	0.728500	7.98902   	
0.729000	0         	0.729000	7.98887   	0.729000	0.265562  	0.729000	7.98887   	
0.729500	0         	0.729500	7.98872   	0.729500	0.265716  	0.729500	7.98872   	
0.730000	0         	0.730000	7.98856   	0.730000	0.26587   	0.730000	7.98856   	
0.730500	0         	0.730500	7.98841   	0.730500	0.266023  	0.730500	7.98841   	
0.731000	0         	0.731000	7.98826   	0.731000	0.266177  	0.731000	7.98826   	
0.731500	0         	0.731500	7.9881    	0.731500	0.26633   	0.731500	7.9881    	
0.732000	0         	0.732000	7.98795   	0.732000	0.266484  	0.732000	7.98795   	
0.732500	0         	0.732500	7.9878    	0.732500	0.266637  	0.732500	7.9878    	
0.733000	0         	0.733000	7.98764   	0.733000	0.266791  	0.733000	7.98764   	
0.733500	0         	0.733500	7.98749   	0.733500	0.266944  	0.733500	7.98749   	
0.734000	0         	0.734000	7.98734   	0.734000	0.267097  	0.734000	7.98734   	
0.734500	0         	0.734500	7.98718   	0.734500	0.26725   	0.734500	7.98718   	
0.735000	0         	0.735000	7.98703   	0.735000	0.267403  	0.735000	7.98703   	
0.735500	0         	0.735500	7.98688   	0.735500	0.267556  	0.735500	7.98688   	
0.736000	0         	0.736000	7.98672   	0.736000	0.267709  	0.736000	7.98672   	
0.736500	0         	0.736500	7.98657   	0.736500	0.267862  	0.736500	7.98657   	
0.737000	0         	0.737000	7.98642   	0.737000	0.268014  	0.737000	7.98642   	
0.737500	0         	0.737500	7.98627   	0.737500	0.268167  	0.737500	7.98627   	
0.738000	0         	0.738000	7.98611   	0.738000	0.268319  	0.738000	7.98611   	
0.738500	0         	0.738500	7.98596   	0.738500	0.268472  	0.738500	7.98596   	
0.739000	0         	0.739000	7.98581   	0.739000	0.268624  	0.739000	7.98581   	
0.739500	0         	0.739500	7.98566   	0.739500	0.268776  	0.739500	7.98566   	
0.740000	0         	0.740000	7.9855    	0.740000	0.268928  	0.740000	7.9855    	
0.740500	0         	0.740500	7.98535   	0.740500	0.269081  	0.740500	7.98535   	
0.741000	0         	0.741000	7.9852    	0.741000	0.269233  	0.741000	7.9852    	
0.741500	0         	0.741500	7.98505   	0.741500	0.269385  	0.741500	7.98505   	
0.742000	0         	0.742000	7.9849    	0.742000	0.269536  	0.742000	7.9849    	
0.742500	0         	0.742500	7.98475   	0.742500	0.269687  	0.742500	7.98475   	
0.743000	0         	0.743000	7.98459   	0.743000	0.269839  	0.743000	7.98459   	
0.743500	0         	0.743500	7.98444   	0.743500	0.26999   	0.743500	7.98444   	
0.744000	0         	0.744000	7.98429   	0.744000	0.270141  	0.744000	7.98429   	
0.744500	0         	0.744500	7.98414   	0.744500	0.270292  	0.744500	7.98414   	
0.745000	0         	0.745000	7.98399   	0.745000	0.270443  	0.745000	7.98399   	
0.745500	0         	0.745500	7.98384   	0.745500	0.270594  	0.745500	7.98384   	
0.746000	0         	0.746000	7.98369   	0.746000	0.270745  	0.746000	7.98369   	
0.746500	0         	0.746500	7.98354   	0.746500	0.270895  	0.746500	7.98354   	
0.747000	0         	0.747000	7.98339   	0.747000	0.271046  	0.747000	7.98339   	
0.747500	0         	0.747500	7.98324   	0.747500	0.271196  	0.747500	7.98324   	
0.748000	0         	0.748000	7.98309   	0.748000	0.271347  	0.748000	7.98309   	
0.748500	0         	0.748500	7.98294   	0.748500	0.271497  	0.748500	7.98294   	
0.749000	0         	0.749000	7.98279   	0.749000	0.271647  	0.749000	7.98279   	
0.749500	0         	0.749500	7.98264   	0.749500	0.271797  	0.749500	7.98264   	
0.750000	0         	0.750000	7.98249   	0.750000	0.271947  	0.750000	7.98249   	
0.750500	0         	0.750500	7.98234   	0.750500	0.272097  	0.750500	7.98234   	
0.751000	0         	0.751000	7.98219   	0.751000	0.272247  	0.751000	7.98219   	
0.751500	0         	0.751500	7.98204   	0.751500	0.272397  	0.751500	7.98204   	
0.752000	0         	0.752000	7.98189   	0.752000	0.272546  	0.752000	7.98189   	
0.752500	0         	0.752500	7.98174   	0.752500	0.272696  	0.752500	7.98174   	
0.753000	0         	0.753000	7.98159   	0.753000	0.272845  	0.753000	7.98159   	
0.753500	0         	0.753500	7.98144   	0.753500	0.272995  	0.753500	7.98144   	
0.754000	0         	0.754000	7.98129   	0.754000	0.273144  	0.754000	7.98129   	
0.754500	0         	0.754500	7.98114   	0.754500	0.273293  	0.754500	7.98114   	
0.755000	0         	0.755000	7.98099   	0.755000	0.273442  	0.755000	7.98099   	
0.755500	0         	0.755500	7.98084   	0.755500	0.273591  	0.755500	7.98084   	
0.756000	0         	0.756000	7.98069   	0.756000	0.27374   	0.756000	7.98069   	
0.756500	0         	0.756500	7.98054   	0.756500	0.273888  	0.756500	7.98054   	
0.757000	0         	0.757000	7.9804    	0.757000	0.274037  	0.757000	7.9804    	
0.757500	0         	0.757500	7.98025   	0.757500	0.274185  	0.757500	7.98025   	
0.758000	0         	0.758000	7.9801    	0.758000	0.274334  	0.758000	7.9801    	
0.758500	0         	0.758500	7.97995   	0.758500	0.274482  	0.758500	7.97995   	
0.759000	0         	0.759000	7.9798    	0.759000	0.27463   	0.759000	7.9798    	
0.759500	0         	0.759500	7.97965   	0.759500	0.274778  	0.759500	7.97965   	
0.760000	0         	0.760000	7.97951   	0.760000	0.274926  	0.760000	7.97951   	
0.760500	0         	0.760500	7.97936   	0.760500	0.275073  	0.760500	7.97936   	
0.761000	0         	0.761000	7.97921   	0.761000	0.275221  	0.761000	7.97921   	
0.761500	0         	0.761500	7.97906   	0.761500	0.275368  	0.761500	7.97906   	
0.762000	0         	0.762000	7.97892   	0.762000	0.275516  	0.762000	7.97892   	
0.762500	0         	0.762500	7.97877   	0.762500	0.275663  	0.762500	7.97877   	
0.763000	0         	0.763000	7.97862   	0.763000	0.27581   	0.763000	7.97862   	
0.763500	0         	0.763500	7.97848   	0.763500	0.275957  	0.763500	7.97848   	
0.764000	0         	0.764000	7.97833   	0.764000	0.276104  	0.764000	7.97833   	
0.764500	0         	0.764500	7.97818   	0.764500	0.27625   	0.764500	7.97818   	
0.765000	0         	0.765000	7.97804   	0.765000	0.276397  	0.765000	7.97804   	
0.765500	0         	0.765500	7.97789   	0.765500	0.276543  	0.765500	7.97789   	
0.766000	0         	0.766000	7.97774   	0.766000	0.27669   	0.766000	7.97774   	
0.766500	0         	0.766500	7.9776    	0.766500	0.276836  	0.766500	7.9776    	
0.767000	0         	0.767000	7.97745   	0.767000	0.276982  	0.767000	7.97745   	
0.767500	0         	0.767500	7.9773    	0.767500	0.277128  	0.767500	7.9773    	
0.768000	0         	0.768000	7.97716   	0.768000	0.277273  	0.768000	7.97716   	
0.768500	0         	0.768500	7.97701   	0.768500	0.277419  	0.768500	7.97701   	
0.769000	0         	0.769000	7.97687   	0.769000	0.277565  	0.769000	7.97687   	
0.769500	0         	0.769500	7.97672   	0.769500	0.27771   	0.769500	7.97672   	
0.770000	0         	0.770000	7.97658   	0.770000	0.277855  	0.770000	7.97658   	
0.770500	0         	0.770500	7.97643   	0.770500	0.278     	0.770500	7.97643   	
0.771000	0         	0.771000	7.97629   	0.771000	0.278145  	0.771000	7.97629   	
0.771500	0         	0.771500	7.97614   	0.771500	0.278289  	0.771500	7.97614   	
0.772000	0         	0.772000	7.976     	0.772000	0.278434  	0.772000	7.976     	
0.772500	0         	0.772500	7.97585   	0.772500	0.278578  	0.772500	7.97585   	
0.773000	0         	0.773000	7.97571   	0.773000	0.278723  	0.773000	7.97571   	
0.773500	0         	0.773500	7.97557   	0.773500	0.278867  	0.773500	7.97557   	
0.774000	0         	0.774000	7.97542   	0.774000	0.279011  	0.774000	7.97542   	
0.774500	0         	0.774500	7.97528   	0.774500	0.279154  	0.774500	7.97528   	
0.775000	0         	0.775000	7.97513   	0.775000	0.279298  	0.775000	7.97513   	
0.775500	0         	0.775500	7.97499   	0.775500	0.279441  	0.775500	7.97499   	
0.776000	0         	0.776000	7.97485   	0.776000	0.279584  	0.776000	7.97485   	
0.776500	0         	0.776500	7.97471   	0.776500	0.279727  	0.776500	7.97471   	
0.777000	0         	0.777000	7.97456   	0.777000	0.27987   	0.777000	7.97456   	
0.777500	0         	0.777500	7.97442   	0.777500	0.280013  	0.777500	7.97442   	
0.778000	0         	0.778000	7.97428   	0.778000	0.280155  	0.778000	7.97428   	
0.778500	0         	0.778500	7.97414   	0.778500	0.280297  	0.778500	7.97414   	
0.779000	0         	0.779000	7.97399   	0.779000	0.280439  	0.779000	7.97399   	
0.779500	0         	0.779500	7.97385   	0.779500	0.280581  	0.779500	7.97385   	
0.780000	0         	0.780000	7.97371   	0.780000	0.280723  	0.780000	7.97371   	
0.780500	0         	0.780500	7.97357   	0.780500	0.280864  	0.780500	7.97357   	
0.781000	0         	0.781000	7.97343   	0.781000	0.281005  	0.781000	7.97343   	
0.781500	0         	0.781500	7.97329   	0.781500	0.281147  	0.781500	7.97329   	
0.782000	0         	0.782000	7.97315   	0.782000	0.281287  	0.782000	7.97315   	
0.782500	0         	0.782500	7.973     	0.782500	0.281428  	0.782500	7.973     	
0.783000	0         	0.783000	7.97286   	0.783000	0.281568  	0.783000	7.97286   	
0.783500	0         	0.783500	7.97272   	0.783500	0.281708  	0.783500	7.97272   	
0.784000	0         	0.784000	7.97258   	0.784000	0.281848  	0.784000	7.97258   	
0.784500	0         	0.784500	7.97245   	0.784500	0.281987  	0.784500	7.97245   	
0.785000	0         	0.785000	7.97231   	0.785000	0.282126  	0.785000	7.97231   	
0.785500	0         	0.785500	7.97217   	0.785500	0.282265  	0.785500	7.97217   	
0.786000	0         	0.786000	7.97203   	0.786000	0.282404  	0.786000	7.97203   	
0.786500	0         	0.786500	7.97189   	0.786500	0.282542  	0.786500	7.97189   	
0.787000	0         	0.787000	7.97175   	0.787000	0.28268   	0.787000	7.97175   	
0.787500	0         	0.787500	7.97161   	0.787500	0.282818  	0.787500	7.97161   	
0.788000	0         	0.788000	7.97148   	0.788000	0.282956  	0.788000	7.97148   	
0.788500	0         	0.788500	7.97134   	0.788500	0.283094  	0.788500	7.97134   	
0.789000	0         	0.789000	7.9712    	0.789000	0.283231  	0.789000	7.9712    	
0.789500	0         	0.789500	7.97106   	0.789500	0.283368  	0.789500	7.97106   	
0.790000	0         	0.790000	7.97093   	0.790000	0.283505  	0.790000	7.97093   	
0.790500	0         	0.790500	7.97079   	0.790500	0.283641  	0.790500	7.97079   	
0.791000	0         	0.791000	7.97066   	0.791000	0.283777  	0.791000	7.97066   	
0.791500	0         	0.791500	7.97052   	0.791500	0.283913  	0.791500	7.97052   	
0.792000	0         	0.792000	7.97038   	0.792000	0.284049  	0.792000	7.97038   	
0.792500	0         	0.792500	7.97025   	0.792500	0.284184  	0.792500	7.97025   	
0.793000	0         	0.793000	7.97011   	0.793000	0.284319  	0.793000	7.97011   	
0.793500	0         	0.793500	7.96998   	0.793500	0.284454  	0.793500	7.96998   	
0.794000	0         	0.794000	7.96984   	0.794000	0.284588  	0.794000	7.96984   	
0.794500	0         	0.794500	7.96971   	0.794500	0.284723  	0.794500	7.96971   	
0.795000	0         	0.795000	7.96958   	0.795000	0.284856  	0.795000	7.96958   	
0.795500	0         	0.795500	7.96944   	0.795500	0.28499   	0.795500	7.96944   	
0.796000	0         	0.796000	7.96931   	0.796000	0.285123  	0.796000	7.96931   	
0.796500	0         	0.796500	7.96918   	0.796500	0.285256  	0.796500	7.96918   	
0.797000	0         	0.797000	7.96904   	0.797000	0.285389  	0.797000	7.96904   	
0.797500	0         	0.797500	7.96891   	0.797500	0.285521  	0.797500	7.96891   	
0.798000	0         	0.798000	7.96878   	0.798000	0.285653  	0.798000	7.96878   	
0.798500	0         	0.798500	7.96865   	0.798500	0.285784  	0.798500	7.96865   	
0.799000	0         	0.799000	7.96852   	0.799000	0.285915  	0.799000	7.96852   	
0.799500	0         	0.799500	7.96839   	0.799500	0.286046  	0.799500	7.96839   	
0.800000	0         	0.800000	7.96826   	0.800000	0.286177  	0.800000	7.96826   	
0.800500	0         	0.800500	7.96813   	0.800500	0.286307  	0.800500	7.96813   	
0.801000	0         	0.801000	7.968     	0.801000	0.286436  	0.801000	7.968     	
0.801500	0         	0.801500	7.96787   	0.801500	0.286565  	0.801500	7.96787   	
0.802000	0         	0.802000	7.96774   	0.802000	0.286694  	0.802000	7.96774   	
0.802500	0         	0.802500	7.96761   	0.802500	0.286823  	0.802500	7.96761   	
0.803000	0         	0.803000	7.96748   	0.803000	0.286951  	0.803000	7.96748   	
0.803500	0         	0.803500	7.96735   	0.803500	0.287078  	0.803500	7.96735   	
0.804000	0         	0.804000	7.96723   	0.804000	0.287205  	0.804000	7.96723   	
0.804500	0         	0.804500	7.9671    	0.804500	0.287332  	0.804500	7.9671    	
0.805000	0         	0.805000	7.96697   	0.805000	0.287458  	0.805000	7.96697   	
0.805500	0         	0.805500	7.96685   	0.805500	0.287584  	0.805500	7.96685   	
0.806000	0         	0.806000	7.96672   	0.806000	0.28771   	0.806000	7.96672   	
0.806500	0         	0.806500	7.9666    	0.806500	0.287834  	0.806500	7.9666    	
0.807000	0         	0.807000	7.96647   	0.807000	0.287959  	0.807000	7.96647   	
0.807500	0         	0.807500	7.96635   	0.807500	0.288083  	0.807500	7.96635   	
0.808000	0         	0.808000	7.96623   	0.808000	0.288206  	0.808000	7.96623   	
0.808500	0         	0.808500	7.9661    	0.808500	0.288329  	0.808500	7.9661    	
0.809000	0         	0.809000	7.96598   	0.809000	0.288451  	0.809000	7.96598   	
0.809500	0         	0.809500	7.96586   	0.809500	0.288572  	0.809500	7.96586   	
0.810000	0         	0.810000	7.96574   	0.810000	0.288694  	0.810000	7.96574   	
0.810500	0         	0.810500	7.96562   	0.810500	0.288814  	0.810500	7.96562   	
0.811000	0         	0.811000	7.9655    	0.811000	0.288934  	0.811000	7.9655    	
0.811500	0         	0.811500	7.96538   	0.811500	0.289053  	0.811500	7.96538   	
0.812000	0         	0.812000	7.96526   	0.812000	0.289172  	0.812000	7.96526   	
0.812500	0         	0.812500	7.96514   	0.812500	0.28929   	0.812500	7.96514   	
0.813000	0         	0.813000	7.96503   	0.813000	0.289407  	0.813000	7.96503   	
0.813500	0         	0.813500	7.96491   	0.813500	0.289524  	0.813500	7.96491   	
0.814000	0         	0.814000	7.96479   	0.814000	0.28964   	0.814000	7.96479   	
0.814500	0         	0.814500	7.96468   	0.814500	0.289755  	0.814500	7.96468   	
0.815000	0         	0.815000	7.96456   	0.815000	0.28987   	0.815000	7.96456   	
0.815500	1.16327e-09	0.815500	7.96445   	0.815500	0.289983  	0.815500	7.96445   	
0.816000	5.3856e-08	0.816000	7.96434   	0.816000	0.290096  	0.816000	7.96434   	
0.816500	4.10417e-07	0.816500	7.96422   	0.816500	0.290209  	0.816500	7.96422   	
0.817000	1.86718e-05	0.817000	7.96409   	0.817000	0.29032   	0.817000	7.96411   	
0.817500	1.42305e-05	0.817500	7.96397   	0.817500	0.290448  	0.817500	7.96398   	
0.818000	5.60137e-05	0.818000	7.96382   	0.818000	0.290558  	0.818000	7.96387   	
0.818500	0.000128122	0.818500	7.96364   	0.818500	0.290669  	0.818500	7.96376   	
0.819000	0.000245264	0.819000	7.9634    	0.819000	0.290784  	0.819000	7.96365   	
0.819500	0.000380479	0.819500	7.96314   	0.819500	0.290912  	0.819500	7.96352   	
0.820000	0.000498728	0.820000	7.96287   	0.820000	0.291065  	0.820000	7.96337   	
0.820500	0.000629241	0.820500	7.96255   	0.820500	0.291251  	0.820500	7.96318   	
0.821000	0.000829148	0.821000	7.96212   	0.821000	0.291488  	0.821000	7.96294   	
0.821500	0.00106835	0.821500	7.96158   	0.821500	0.291782  	0.821500	7.96265   	
0.822000	0.00135463	0.822000	7.96095   	0.822000	0.29213   	0.822000	7.9623    	
0.822500	0.00171385	0.822500	7.96017   	0.822500	0.292545  	0.822500	7.96189   	
0.823000	0.00216858	0.823000	7.95921   	0.823000	0.293053  	0.823000	7.96138   	
0.823500	0.00272895	0.823500	7.95803   	0.823500	0.293672  	0.823500	7.96076   	
0.824000	0.00341466	0.824000	7.95659   	0.824000	0.294428  	0.824000	7.96      	
0.824500	0.00424747	0.824500	7.95483   	0.824500	0.295354  	0.824500	7.95908   	
0.825000	0.00525477	0.825000	7.95269   	0.825000	0.296492  	0.825000	7.95794   	
0.825500	0.00646596	0.825500	7.95008   	0.825500	0.29789   	0.825500	7.95654   	
0.826000	0.00791194	0.826000	7.94692   	0.826000	0.299604  	0.826000	7.95483   	
0.826500	0.00962676	0.826500	7.94311   	0.826500	0.301699  	0.826500	7.95273   	
0.827000	0.0116475 	0.827000	7.93854   	0.827000	0.304248  	0.827000	7.95018   	
0.827500	0.0140114 	0.827500	7.93309   	0.827500	0.307336  	0.827500	7.9471    	
0.828000	0.0167584 	0.828000	7.92662   	0.828000	0.311054  	0.828000	7.94338   	
0.828500	0.0199289 	0.828500	7.919     	0.828500	0.315508  	0.828500	7.93892   	
0.829000	0.0235645 	0.829000	7.91005   	0.829000	0.320813  	0.829000	7.93362   	
0.829500	0.0277075 	0.829500	7.89963   	0.829500	0.327094  	0.829500	7.92734   	
0.830000	0.0323991 	0.830000	7.88753   	0.830000	0.334505  	0.830000	7.91993   	
0.830500	0.037678  	0.830500	7.87359   	0.830500	0.343161  	0.830500	7.91127   	
0.831000	0.043591  	0.831000	7.8576    	0.831000	0.353238  	0.831000	7.90119   	
0.831500	0.0501489 	0.831500	7.83938   	0.831500	0.364905  	0.831500	7.88953   	
0.832000	0.0574072 	0.832000	7.81873   	0.832000	0.378296  	0.832000	7.87614   	
0.832500	0.0653783 	0.832500	7.79547   	0.832500	0.393585  	0.832500	7.86085   	
0.833000	0.0740815 	0.833000	7.7694    	0.833000	0.410953  	0.833000	7.84348   	
0.833500	0.0835309 	0.833500	7.74035   	0.833500	0.430551  	0.833500	7.82388   	
0.834000	0.0937563 	0.834000	7.70815   	0.834000	0.452523  	0.834000	7.80191   	
0.834500	0.104696  	0.834500	7.67282   	0.834500	0.476915  	0.834500	7.77752   	
0.835000	0.116347  	0.835000	7.63421   	0.835000	0.503874  	0.835000	7.75056   	
0.835500	0.128757  	0.835500	7.59213   	0.835500	0.533544  	0.835500	7.72089   	
0.836000	0.141885  	0.836000	7.54659   	0.836000	0.565955  	0.836000	7.68848   	
0.836500	0.155692  	0.836500	7.49762   	0.836500	0.601123  	0.836500	7.65331   	
0.837000	0.170153  	0.837000	7.44528   	0.837000	0.638997  	0.837000	7.61544   	
0.837500	0.185257  	0.837500	7.38955   	0.837500	0.679628  	0.837500	7.5748    	
0.838000	0.200983  	0.838000	7.3305    	0.838000	0.722951  	0.838000	7.53148   	
0.838500	0.217219  	0.838500	7.26819   	0.838500	0.769024  	0.838500	7.48541   	
0.839000	0.233707  	0.839000	7.20347   	0.839000	0.81726   	0.839000	7.43717   	
0.839500	0.250451  	0.839500	7.13753   	0.839500	0.866449  	0.839500	7.38798   	
0.840000	0.267333  	0.840000	7.07229   	0.840000	0.914815  	0.840000	7.33962   	
0.840500	0.284313  	0.840500	7.00884   	0.840500	0.961277  	0.840500	7.29316   	
0.841000	0.301472  	0.841000	6.94783   	0.841000	1.00513   	0.841000	7.24931   	
0.841500	0.318961  	0.841500	6.88859   	0.841500	1.04688   	0.841500	7.20755   	
0.842000	0.337008  	0.842000	6.83035   	0.842000	1.08708   	0.842000	7.16735   	
0.842500	0.355646  	0.842500	6.77219   	0.842500	1.1266    	0.842500	7.12783   	
0.843000	0.374727  	0.843000	6.71493   	0.843000	1.16478   	0.843000	7.08966   	
0.843500	0.394514  	0.843500	6.66103   	0.843500	1.19889   	0.843500	7.05554   	
0.844000	0.415018  	0.844000	6.6129    	0.844000	1.22652   	0.844000	7.02792   	
0.844500	0.436213  	0.844500	6.57283   	0.844500	1.24539   	0.844500	7.00904   	
0.845000	0.45834   	0.845000	6.5421    	0.845000	1.25399   	0.845000	7.00044   	
0.845500	0.481549  	0.845500	6.52126   	0.845500	1.25163   	0.845500	7.0028    	
0.846000	0.506294  	0.846000	6.50879   	0.846000	1.23935   	0.846000	7.01508   	
0.846500	0.53308   	0.846500	6.50185   	0.846500	1.21951   	0.846500	7.03493   	
0.847000	0.562692  	0.847000	6.49649   	0.847000	1.19525   	0.847000	7.05918   	
0.847500	0.595735  	0.847500	6.48886   	0.847500	1.16984   	0.847500	7.08459   	
0.848000	0.633036  	0.848000	6.47592   	0.848000	1.14547   	0.848000	7.10896   	
0.848500	0.675338  	0.848500	6.45648   	0.848500	1.12261   	0.848500	7.13182   	
0.849000	0.722225  	0.849000	6.42962   	0.849000	1.10259   	0.849000	7.15184   	
0.849500	0.776664  	0.849500	6.39032   	0.849500	1.08745   	0.849500	7.16699   	
0.850000	0.832626  	0.850000	6.33717   	0.850000	1.08464   	0.850000	7.16979   	
0.850500	0.896917  	0.850500	6.25396   	0.850500	1.10355   	0.850500	7.15088   	
0.851000	0.962329  	0.851000	6.14016   	0.851000	1.15195   	0.851000	7.10249   	
0.851500	1.03441   	0.851500	6.01405   	0.851500	1.20598   	0.851500	7.04845   	
0.852000	1.08783   	0.852000	5.82714   	0.852000	1.33947   	0.852000	6.91497   	
0.852500	1.14925   	0.852500	5.61102   	0.852500	1.49416   	0.852500	6.76027   	
0.853000	1.18112   	0.853000	5.38492   	0.853000	1.68839   	0.853000	6.56604   	
0.853500	1.21495   	0.853500	5.10752   	0.853500	1.93197   	0.853500	6.32247   	
0.854000	1.24341   	0.854000	4.80569   	0.854000	2.20534   	0.854000	6.0491    	
0.854500	1.26807   	0.854500	4.45975   	0.854500	2.52661   	0.854500	5.72783   	
0.855000	1.28689   	0.855000	4.07357   	0.855000	2.89397   	0.855000	5.36046   	
0.855500	1.29781   	0.855500	3.66257   	0.855500	3.29405   	0.855500	4.96038   	
0.856000	1.30069   	0.856000	3.25286   	0.856000	3.70088   	0.856000	4.55355   	
0.856500	1.29891   	0.856500	2.85481   	0.856500	4.10072   	0.856500	4.15372   	
0.857000	1.2898    	0.857000	2.47759   	0.857000	4.48704   	0.857000	3.76739   	
0.857500	1.5208    	0.857500	0.986713  	0.857500	5.74692   	0.857500	2.50752   	
0.858000	1.44479   	0.858000	0.795331  	0.858000	6.01431   	0.858000	2.24012   	
0.858500	1.36979   	0.858500	0.520702  	0.858500	6.36394   	0.858500	1.89049   	
0.859000	1.30854   	0.859000	0.0925098 	0.859000	6.85338   	0.859000	1.40105   	
0.859500	1.21135   	0.859500	0.0867291 	0.859500	6.95635   	0.859500	1.29808   	
0.860000	0.836125  	0.860000	8.27726e-07	0.860000	7.41831   	0.860000	0.836126  	
0.860500	0.801474  	0.860500	0         	0.860500	7.45296   	0.860500	0.801474  	
0.861000	0.579589  	0.861000	0         	0.861000	7.67484   	0.861000	0.579589  	
0.861500	0.171009  	0.861500	0         	0.861500	8.08342   	0.861500	0.171009  	
0.862000	0.196499  	0.862000	0         	0.862000	8.05793   	0.862000	0.196499  	
0.862500	0.0963082 	0.862500	0         	0.862500	8.15812   	0.862500	0.0963082 	
0.863000	3.33932e-09	0.863000	0         	0.863000	8.25443   	0.863000	3.33932e-09	
0.863500	0.0237486 	0.863500	0         	0.863500	8.23068   	0.863500	0.0237486 	
0.864000	3.25602e-13	0.864000	0         	0.864000	8.25443   	0.864000	3.25602e-13	
0.864500	1.71349e-14	0.864500	0         	0.864500	8.25443   	0.864500	1.71349e-14	
0.865000	1.30991e-15	0.865000	0         	0.865000	8.25443   	0.865000	1.30991e-15	
0.865500	0.00166458	0.865500	0         	0.865500	8.25277   	0.865500	0.00166458	
0.866000	0         	0.866000	0         	0.866000	8.25443   	0.866000	0         	
0.866500	0         	0.866500	0         	0.866500	8.25443   	0.866500	0         	
0.867000	0         	0.867000	0         	0.867000	8.25443   	0.867000	0         	
0.867500	0         	0.867500	0         	0.867500	8.25443   	0.867500	0         	
0.868000	0         	0.868000	0         	0.868000	8.25443   	0.868000	0         	
0.868500	0         	0.868500	0         	0.868500	8.25443   	0.868500	0         	
0.869000	0         	0.869000	0         	0.869000	8.25443   	0.869000	0         	
0.869500	0         	0.869500	0         	0.869500	8.25443   	0.869500	0         	
0.870000	0         	0.870000	0         	0.870000	8.25443   	0.870000	0         	
0.870500	0         	0.870500	0         	0.870500	8.25443   	0.870500	0         	
0.871000	0         	0.871000	0         	0.871000	8.25443   	0.871000	0         	
0.871500	0         	0.871500	0         	0.871500	8.25443   	0.871500	0         	
0.872000	0         	0.872000	0         	0.872000	8.25443   	0.872000	0         	
0.872500	0         	0.872500	0         	0.872500	8.25443   	0.872500	0         	
0.873000	0         	0.873000	0         	0.873000	8.25443   	0.873000	0         	
0.873500	0         	0.873500	0         	0.873500	8.25443   	0.873500	0         	
0.874000	0         	0.874000	0         	0.874000	8.25443   	0.874000	0         	
0.874500	0         	0.874500	0         	0.874500	8.25443   	0.874500	0         	
0.875000	0         	0.875000	0         	0.875000	8.25443   	0.875000	0         	
0.875500	0         	0.875500	0         	0.875500	8.25443   	0.875500	0         	
0.876000	0         	0.876000	0         	0.876000	8.25443   	0.876000	0         	
0.876500	0         	0.876500	0         	0.876500	8.25443   	0.876500	0         	
0.877000	0         	0.877000	0         	0.877000	8.25443   	0.877000	0         	
0.877500	0         	0.877500	0         	0.877500	8.25443   	0.877500	0         	
0.878000	0         	0.878000	0         	0.878000	8.25443   	0.878000	0         	
0.878500	0         	0.878500	0         	0.878500	8.25443   	0.878500	0         	
0.879000	0         	0.879000	0         	0.879000	8.25443   	0.879000	0         	
0.879500	0         	0.879500	0         	0.879500	8.25443   	0.879500	0         	
0.880000	0         	0.880000	0         	0.880000	8.25443   	0.880000	0         	
0.880500	0         	0.880500	0         	0.880500	8.25443   	0.880500	0         	
0.881000	0         	0.881000	0         	0.881000	8.25443   	0.881000	0         	
0.881500	0         	0.881500	0         	0.881500	8.25443   	0.881500	0         	
0.882000	0         	0.882000	0         	0.882000	8.25443   	0.882000	0         	
0.882500	0         	0.882500	0         	0.882500	8.25443   	0.882500	0         	
0.883000	0         	0.883000	0         	0.883000	8.25443   	0.883000	0         	
0.883500	0         	0.883500	0         	0.883500	8.25443   	0.883500	0         	
0.884000	0         	0.884000	0         	0.884000	8.25443   	0.884000	0         	
0.884500	0         	0.884500	0         	0.884500	8.25443   	0.884500	0         	
0.885000	0         	0.885000	0         	0.885000	8.25443   	0.885000	0         	
0.885500	0         	0.885500	0         	0.885500	8.25443   	0.885500	0         	
0.886000	0         	0.886000	0         	0.886000	8.25443   	0.886000	0         	
0.886500	0         	0.886500	0         	0.886500	8.25443   	0.886500	0         	
0.887000	0         	0.887000	0         	0.887000	8.25443   	0.887000	0         	
0.887500	0         	0.887500	0         	0.887500	8.25443   	0.887500	0         	
0.888000	0         	0.888000	0         	0.888000	8.25443   	0.888000	0         	
0.888500	0         	0.888500	0         	0.888500	8.25443   	0.888500	0         	
0.889000	0         	0.889000	0         	0.889000	8.25443   	0.889000	0         	
0.889500	0         	0.889500	0         	0.889500	8.25443   	0.889500	0         	
0.890000	0         	0.890000	0         	0.890000	8.25443   	0.890000	0         	
0.890500	0         	0.890500	0         	0.890500	8.25443   	0.890500	0         	
0.891000	0         	0.891000	0         	0.891000	8.25443   	0.891000	0         	
0.891500	0         	0.891500	0         	0.891500	8.25443   	0.891500	0         	
0.892000	0         	0.892000	0         	0.892000	8.25443   	0.892000	0         	
0.892500	0         	0.892500	0         	0.892500	8.25443   	0.892500	0         	
0.893000	0         	0.893000	0         	0.893000	8.25443   	0.893000	0         	
0.893500	0         	0.893500	0         	0.893500	8.25443   	0.893500	0         	
0.894000	0         	0.894000	0         	0.894000	8.25443   	0.894000	0         	
0.894500	0         	0.894500	0         	0.894500	8.25443   	0.894500	0         	
0.895000	0         	0.895000	0         	0.895000	8.25443   	0.895000	0         	
0.895500	0         	0.895500	0         	0.895500	8.25443   	0.895500	0         	
0.896000	0         	0.896000	0         	0.896000	8.25443   	0.896000	0         	
0.896500	0         	0.896500	0         	0.896500	8.25443   	0.896500	0         	
0.897000	0         	0.897000	0         	0.897000	8.25443   	0.897000	0         	
0.897500	0         	0.897500	0         	0.897500	8.25443   	0.897500	0         	
0.898000	0         	0.898000	0         	0.898000	8.25443   	0.898000	0         	
0.898500	0         	0.898500	0         	0.898500	8.25443   	0.898500	0         	
0.899000	0         	0.899000	0         	0.899000	8.25443   	0.899000	0         	
0.899500	0         	0.899500	0         	0.899500	8.25443   	0.899500	0         	
0.900000	0         	0.900000	0         	0.900000	8.25443   	0.900000	0         	
0.900500	0         	0.900500	0         	0.900500	8.25443   	0.900500	0         	
0.901000	0         	0.901000	0         	0.901000	8.25443   	0.901000	0         	
0.901500	0         	0.901500	0         	0.901500	8.25443   	0.901500	0         	
0.902000	0         	0.902000	0         	0.902000	8.25443   	0.902000	0         	
0.902500	0         	0.902500	0         	0.902500	8.25443   	0.902500	0         	
0.903000	0         	0.903000	0         	0.903000	8.25443   	0.903000	0         	
0.903500	0         	0.903500	0         	0.903500	8.25443   	0.903500	0         	
0.904000	0         	0.904000	0         	0.904000	8.25443   	0.904000	0         	
0.904500	0         	0.904500	0         	0.904500	8.25443   	0.904500	0         	
0.905000	0         	0.905000	0         	0.905000	8.25443   	0.905000	0         	
0.905500	0         	0.905500	0         	0.905500	8.25443   	0.905500	0         	
0.906000	0         	0.906000	0         	0.906000	8.25443   	0.906000	0         	
0.906500	0         	0.906500	0         	0.906500	8.25443   	0.906500	0         	
0.907000	0         	0.907000	0         	0.907000	8.25443   	0.907000	0         	
0.907500	0         	0.907500	0         	0.907500	8.25443   	0.907500	0         	
0.908000	0         	0.908000	0         	0.908000	8.25443   	0.908000	0         	
0.908500	0         	0.908500	0         	0.908500	8.25443   	0.908500	0         	
0.909000	0         	0.909000	0         	0.909000	8.25443   	0.909000	0         	
0.909500	0         	0.909500	0         	0.909500	8.25443   	0.909500	0         	
0.910000	0         	0.910000	0         	0.910000	8.25443   	0.910000	0         	
0.910500	0         	0.910500	0         	0.910500	8.25443   	0.910500	0         	
0.911000	0         	0.911000	0         	0.911000	8.25443   	0.911000	0         	
0.911500	0         	0.911500	0         	0.911500	8.25443   	0.911500	0         	
0.912000	0         	0.912000	0         	0.912000	8.25443   	0.912000	0         	
0.912500	0         	0.912500	0         	0.912500	8.25443   	0.912500	0         	
0.913000	0         	0.913000	0         	0.913000	8.25443   	0.913000	0         	
0.913500	0         	0.913500	0         	0.913500	8.25443   	0.913500	0         	
0.914000	0         	0.914000	0         	0.914000	8.25443   	0.914000	0         	
0.914500	0         	0.914500	0         	0.914500	8.25443   	0.914500	0         	
0.915000	0         	0.915000	0         	0.915000	8.25443   	0.915000	0         	
0.915500	0         	0.915500	0         	0.915500	8.25443   	0.915500	0         	
0.916000	0         	0.916000	0         	0.916000	8.25443   	0.916000	0         	
0.916500	0         	0.916500	0         	0.916500	8.25443   	0.916500	0         	
0.917000	0         	0.917000	0         	0.917000	8.25443   	0.917000	0         	
0.917500	0         	0.917500	0         	0.917500	8.25443   	0.917500	0         	
0.918000	0         	0.918000	0         	0.918000	8.25443   	0.918000	0         	
0.918500	0         	0.918500	0         	0.918500	8.25443   	0.918500	0         	
0.919000	0         	0.919000	0         	0.919000	8.25443   	0.919000	0         	
0.919500	0         	0.919500	0         	0.919500	8.25443   	0.919500	0         	
0.920000	0         	0.920000	0         	0.920000	8.25443   	0.920000	0         	
0.920500	0         	0.920500	0         	0.920500	8.25443   	0.920500	0         	
0.921000	0         	0.921000	0         	0.921000	8.25443   	0.921000	0         	
0.921500	0         	0.921500	0         	0.921500	8.25443   	0.921500	0         	
0.922000	0         	0.922000	0         	0.922000	8.25443   	0.922000	0         	
0.922500	0         	0.922500	0         	0.922500	8.25443   	0.922500	0         	
0.923000	0         	0.923000	0         	0.923000	8.25443   	0.923000	0         	
0.923500	0         	0.923500	0         	0.923500	8.25443   	0.923500	0         	
0.924000	0         	0.924000	0         	0.924000	8.25443   	0.924000	0         	
0.924500	0         	0.924500	0         	0.924500	8.25443   	0.924500	0         	
0.925000	0         	0.925000	0         	0.925000	8.25443   	0.925000	0         	
0.925500	0         	0.925500	0         	0.925500	8.25443   	0.925500	0         	
0.926000	0         	0.926000	0         	0.926000	8.25443   	0.926000	0         	
0.926500	0         	0.926500	0         	0.926500	8.25443   	0.926500	0         	
0.927000	0         	0.927000	0         	0.927000	8.25443   	0.927000	0         	
0.927500	0         	0.927500	0         	0.927500	8.25443   	0.927500	0         	
0.928000	0         	0.928000	0         	0.928000	8.25443   	0.928000	0         	
0.928500	0         	0.928500	0         	0.928500	8.25443   	0.928500	0         	
0.929000	0         	0.929000	0         	0.929000	8.25443   	0.929000	0         	
0.929500	0         	0.929500	0         	0.929500	8.25443   	0.929500	0         	
0.930000	0         	0.930000	0         	0.930000	8.25443   	0.930000	0         	
0.930500	0         	0.930500	0         	0.930500	8.25443   	0.930500	0         	
0.931000	0         	0.931000	0         	0.931000	8.25443   	0.931000	0         	
0.931500	0         	0.931500	0         	0.931500	8.25443   	0.931500	0         	
0.932000	0         	0.932000	0         	0.932000	8.25443   	0.932000	0         	
0.932500	0         	0.932500	0         	0.932500	8.25443   	0.932500	0         	
0.933000	0         	0.933000	0         	0.933000	8.25443   	0.933000	0         	
0.933500	0         	0.933500	0         	0.933500	8.25443   	0.933500	0         	
0.934000	0         	0.934000	0         	0.934000	8.25443   	0.934000	0         	
0.934500	0         	0.934500	0         	0.934500	8.25443   	0.934500	0         	
0.935000	0         	0.935000	0         	0.935000	8.25443   	0.935000	0         	
0.935500	0         	0.935500	0         	0.935500	8.25443   	0.935500	0         	
0.936000	0         	0.936000	0         	0.936000	8.25443   	0.936000	0         	
0.936500	0         	0.936500	0         	0.936500	8.25443   	0.936500	0         	
0.937000	0         	0.937000	0         	0.937000	8.25443   	0.937000	0         	
0.937500	0         	0.937500	0         	0.937500	8.25443   	0.937500	0         	
0.938000	0         	0.938000	0         	0.938000	8.25443   	0.938000	0         	
0.938500	0         	0.938500	0         	0.938500	8.25443   	0.938500	0         	
0.939000	0         	0.939000	0         	0.939000	8.25443   	0.939000	0         	
0.939500	0         	0.939500	0         	0.939500	8.25443   	0.939500	0         	
0.940000	0         	0.940000	0         	0.940000	8.25443   	0.940000	0         	
0.940500	0         	0.940500	0         	0.940500	8.25443   	0.940500	0         	
0.941000	0         	0.941000	0         	0.941000	8.25443   	0.941000	0         	
0.941500	0         	0.941500	0         	0.941500	8.25443   	0.941500	0         	
0.942000	0         	0.942000	0         	0.942000	8.25443   	0.942000	0         	
0.942500	0         	0.942500	0         	0.942500	8.25443   	0.942500	0         	
0.943000	0         	0.943000	0         	0.943000	8.25443   	0.943000	0         	
0.943500	0         	0.943500	0         	0.943500	8.25443   	0.943500	0         	
0.944000	0         	0.944000	0         	0.944000	8.25443   	0.944000	0         	
0.944500	0         	0.944500	0         	0.944500	8.25443   	0.944500	0         	
0.945000	0         	0.945000	0         	0.945000	8.25443   	0.945000	0         	
0.945500	0         	0.945500	0         	0.945500	8.25443   	0.945500	0         	
0.946000	0         	0.946000	0         	0.946000	8.25443   	0.946000	0         	
0.946500	0         	0.946500	0         	0.946500	8.25443   	0.946500	0         	
0.947000	0         	0.947000	0         	0.947000	8.25443   	0.947000	0         	
0.947500	0         	0.947500	0         	0.947500	8.25443   	0.947500	0         	
0.948000	0         	0.948000	0         	0.948000	8.25443   	0.948000	0         	
0.948500	0         	0.948500	0         	0.948500	8.25443   	0.948500	0         	
0.949000	0         	0.949000	0         	0.949000	8.25443   	0.949000	0         	
0.949500	0         	0.949500	0         	0.949500	8.25443   	0.949500	0         	
0.950000	0         	0.950000	0         	0.950000	8.25443   	0.950000	0         	
0.950500	0         	0.950500	0         	0.950500	8.25443   	0.950500	0         	
0.951000	0         	0.951000	0         	0.951000	8.25443   	0.951000	0         	
0.951500	0         	0.951500	0         	0.951500	8.25443   	0.951500	0         	
0.952000	0         	0.952000	0         	0.952000	8.25443   	0.952000	0         	
0.952500	0         	0.952500	0         	0.952500	8.25443   	0.952500	0         	
0.953000	0         	0.953000	0         	0.953000	8.25443   	0.953000	0         	
0.953500	0         	0.953500	0         	0.953500	8.25443   	0.953500	0         	
0.954000	0         	0.954000	0         	0.954000	8.25443   	0.954000	0         	
0.954500	0         	0.954500	0         	0.954500	8.25443   	0.954500	0         	
0.955000	0         	0.955000	0         	0.955000	8.25443   	0.955000	0         	
0.955500	0         	0.955500	0         	0.955500	8.25443   	0.955500	0         	
0.956000	0         	0.956000	0         	0.956000	8.25443   	0.956000	0         	
0.956500	0         	0.956500	0         	0.956500	8.25443   	0.956500	0         	
0.957000	0         	0.957000	0         	0.957000	8.25443   	0.957000	0         	
0.957500	0         	0.957500	0         	0.957500	8.25443   	0.957500	0         	
0.958000	0         	0.958000	0         	0.958000	8.25443   	0.958000	0         	
0.958500	0         	0.958500	0         	0.958500	8.25443   	0.958500	0         	
0.959000	0         	0.959000	0         	0.959000	8.25443   	0.959000	0         	
0.959500	0         	0.959500	0         	0.959500	8.25443   	0.959500	0         	
0.960000	0         	0.960000	0         	0.960000	8.25443   	0.960000	0         	
