Thickness of SUS flat deg [mm]1	(B-C) stopped in THIS detector	Thickness of SUS flat deg [mm]2	(C)   yield after THIS detector 	Thickness of SUS flat deg [mm]3	(A-B) stopped before THIS detector	Thickness of SUS flat deg [mm]4	(B)   yield before THIS detector	
0.660000	0         	0.660000	64.993    	0.660000	1.97383   	0.660000	64.993    	
0.660500	0         	0.660500	64.9916   	0.660500	1.97515   	0.660500	64.9916   	
0.661000	0         	0.661000	64.9903   	0.661000	1.97648   	0.661000	64.9903   	
0.661500	0         	0.661500	64.989    	0.661500	1.9778    	0.661500	64.989    	
0.662000	0         	0.662000	64.9877   	0.662000	1.97912   	0.662000	64.9877   	
0.662500	0         	0.662500	64.9864   	0.662500	1.98044   	0.662500	64.9864   	
0.663000	0         	0.663000	64.985    	0.663000	1.98176   	0.663000	64.985    	
0.663500	0         	0.663500	64.9837   	0.663500	1.98307   	0.663500	64.9837   	
0.664000	0         	0.664000	64.9824   	0.664000	1.98439   	0.664000	64.9824   	
0.664500	0         	0.664500	64.9811   	0.664500	1.98571   	0.664500	64.9811   	
0.665000	0         	0.665000	64.9798   	0.665000	1.98703   	0.665000	64.9798   	
0.665500	0         	0.665500	64.9784   	0.665500	1.98835   	0.665500	64.9784   	
0.666000	0         	0.666000	64.9771   	0.666000	1.98967   	0.666000	64.9771   	
0.666500	0         	0.666500	64.9758   	0.666500	1.99099   	0.666500	64.9758   	
0.667000	0         	0.667000	64.9745   	0.667000	1.99231   	0.667000	64.9745   	
0.667500	0         	0.667500	64.9732   	0.667500	1.99363   	0.667500	64.9732   	
0.668000	0         	0.668000	64.9718   	0.668000	1.99495   	0.668000	64.9718   	
0.668500	0         	0.668500	64.9705   	0.668500	1.99626   	0.668500	64.9705   	
0.669000	0         	0.669000	64.9692   	0.669000	1.99758   	0.669000	64.9692   	
0.669500	0         	0.669500	64.9679   	0.669500	1.9989    	0.669500	64.9679   	
0.670000	0         	0.670000	64.9666   	0.670000	2.00022   	0.670000	64.9666   	
0.670500	0         	0.670500	64.9653   	0.670500	2.00153   	0.670500	64.9653   	
0.671000	0         	0.671000	64.9639   	0.671000	2.00285   	0.671000	64.9639   	
0.671500	0         	0.671500	64.9626   	0.671500	2.00417   	0.671500	64.9626   	
0.672000	0         	0.672000	64.9613   	0.672000	2.00549   	0.672000	64.9613   	
0.672500	0         	0.672500	64.96     	0.672500	2.0068    	0.672500	64.96     	
0.673000	0         	0.673000	64.9587   	0.673000	2.00812   	0.673000	64.9587   	
0.673500	0         	0.673500	64.9573   	0.673500	2.00944   	0.673500	64.9573   	
0.674000	0         	0.674000	64.956    	0.674000	2.01075   	0.674000	64.956    	
0.674500	0         	0.674500	64.9547   	0.674500	2.01207   	0.674500	64.9547   	
0.675000	0         	0.675000	64.9534   	0.675000	2.01339   	0.675000	64.9534   	
0.675500	0         	0.675500	64.9521   	0.675500	2.0147    	0.675500	64.9521   	
0.676000	0         	0.676000	64.9508   	0.676000	2.01602   	0.676000	64.9508   	
0.676500	0         	0.676500	64.9495   	0.676500	2.01733   	0.676500	64.9495   	
0.677000	0         	0.677000	64.9481   	0.677000	2.01865   	0.677000	64.9481   	
0.677500	0         	0.677500	64.9468   	0.677500	2.01996   	0.677500	64.9468   	
0.678000	0         	0.678000	64.9455   	0.678000	2.02127   	0.678000	64.9455   	
0.678500	0         	0.678500	64.9442   	0.678500	2.02259   	0.678500	64.9442   	
0.679000	0         	0.679000	64.9429   	0.679000	2.0239    	0.679000	64.9429   	
0.679500	0         	0.679500	64.9416   	0.679500	2.02522   	0.679500	64.9416   	
0.680000	0         	0.680000	64.9403   	0.680000	2.02653   	0.680000	64.9403   	
0.680500	0         	0.680500	64.9389   	0.680500	2.02784   	0.680500	64.9389   	
0.681000	0         	0.681000	64.9376   	0.681000	2.02916   	0.681000	64.9376   	
0.681500	0         	0.681500	64.9363   	0.681500	2.03047   	0.681500	64.9363   	
0.682000	0         	0.682000	64.935    	0.682000	2.03178   	0.682000	64.935    	
0.682500	0         	0.682500	64.9337   	0.682500	2.03308   	0.682500	64.9337   	
0.683000	0         	0.683000	64.9324   	0.683000	2.03439   	0.683000	64.9324   	
0.683500	0         	0.683500	64.9311   	0.683500	2.0357    	0.683500	64.9311   	
0.684000	0         	0.684000	64.9298   	0.684000	2.03701   	0.684000	64.9298   	
0.684500	0         	0.684500	64.9285   	0.684500	2.03832   	0.684500	64.9285   	
0.685000	0         	0.685000	64.9272   	0.685000	2.03963   	0.685000	64.9272   	
0.685500	0         	0.685500	64.9258   	0.685500	2.04094   	0.685500	64.9258   	
0.686000	0         	0.686000	64.9245   	0.686000	2.04224   	0.686000	64.9245   	
0.686500	0         	0.686500	64.9232   	0.686500	2.04355   	0.686500	64.9232   	
0.687000	0         	0.687000	64.9219   	0.687000	2.04486   	0.687000	64.9219   	
0.687500	0         	0.687500	64.9206   	0.687500	2.04617   	0.687500	64.9206   	
0.688000	0         	0.688000	64.9193   	0.688000	2.04747   	0.688000	64.9193   	
0.688500	0         	0.688500	64.918    	0.688500	2.04878   	0.688500	64.918    	
0.689000	0         	0.689000	64.9167   	0.689000	2.05009   	0.689000	64.9167   	
0.689500	0         	0.689500	64.9154   	0.689500	2.0514    	0.689500	64.9154   	
0.690000	0         	0.690000	64.9141   	0.690000	2.0527    	0.690000	64.9141   	
0.690500	0         	0.690500	64.9128   	0.690500	2.05401   	0.690500	64.9128   	
0.691000	0         	0.691000	64.9115   	0.691000	2.05531   	0.691000	64.9115   	
0.691500	0         	0.691500	64.9102   	0.691500	2.05662   	0.691500	64.9102   	
0.692000	0         	0.692000	64.9089   	0.692000	2.05793   	0.692000	64.9089   	
0.692500	0         	0.692500	64.9076   	0.692500	2.05923   	0.692500	64.9076   	
0.693000	0         	0.693000	64.9062   	0.693000	2.06054   	0.693000	64.9062   	
0.693500	0         	0.693500	64.9049   	0.693500	2.06184   	0.693500	64.9049   	
0.694000	0         	0.694000	64.9036   	0.694000	2.06315   	0.694000	64.9036   	
0.694500	0         	0.694500	64.9023   	0.694500	2.06445   	0.694500	64.9023   	
0.695000	0         	0.695000	64.901    	0.695000	2.06576   	0.695000	64.901    	
0.695500	0         	0.695500	64.8997   	0.695500	2.06706   	0.695500	64.8997   	
0.696000	0         	0.696000	64.8984   	0.696000	2.06837   	0.696000	64.8984   	
0.696500	0         	0.696500	64.8971   	0.696500	2.06967   	0.696500	64.8971   	
0.697000	0         	0.697000	64.8958   	0.697000	2.07098   	0.697000	64.8958   	
0.697500	0         	0.697500	64.8945   	0.697500	2.07228   	0.697500	64.8945   	
0.698000	0         	0.698000	64.8932   	0.698000	2.07358   	0.698000	64.8932   	
0.698500	0         	0.698500	64.8919   	0.698500	2.07489   	0.698500	64.8919   	
0.699000	0         	0.699000	64.8906   	0.699000	2.07619   	0.699000	64.8906   	
0.699500	0         	0.699500	64.8893   	0.699500	2.07749   	0.699500	64.8893   	
0.700000	0         	0.700000	64.888    	0.700000	2.07879   	0.700000	64.888    	
0.700500	0         	0.700500	64.8867   	0.700500	2.0801    	0.700500	64.8867   	
0.701000	0         	0.701000	64.8854   	0.701000	2.0814    	0.701000	64.8854   	
0.701500	0         	0.701500	64.8841   	0.701500	2.0827    	0.701500	64.8841   	
0.702000	0         	0.702000	64.8828   	0.702000	2.084     	0.702000	64.8828   	
0.702500	0         	0.702500	64.8815   	0.702500	2.0853    	0.702500	64.8815   	
0.703000	0         	0.703000	64.8802   	0.703000	2.0866    	0.703000	64.8802   	
0.703500	0         	0.703500	64.8789   	0.703500	2.0879    	0.703500	64.8789   	
0.704000	0         	0.704000	64.8776   	0.704000	2.08921   	0.704000	64.8776   	
0.704500	0         	0.704500	64.8763   	0.704500	2.09051   	0.704500	64.8763   	
0.705000	0         	0.705000	64.875    	0.705000	2.09181   	0.705000	64.875    	
0.705500	0         	0.705500	64.8737   	0.705500	2.09311   	0.705500	64.8737   	
0.706000	0         	0.706000	64.8724   	0.706000	2.09441   	0.706000	64.8724   	
0.706500	0         	0.706500	64.8711   	0.706500	2.09571   	0.706500	64.8711   	
0.707000	0         	0.707000	64.8698   	0.707000	2.09701   	0.707000	64.8698   	
0.707500	0         	0.707500	64.8685   	0.707500	2.0983    	0.707500	64.8685   	
0.708000	0         	0.708000	64.8672   	0.708000	2.0996    	0.708000	64.8672   	
0.708500	0         	0.708500	64.8659   	0.708500	2.1009    	0.708500	64.8659   	
0.709000	0         	0.709000	64.8646   	0.709000	2.1022    	0.709000	64.8646   	
0.709500	0         	0.709500	64.8633   	0.709500	2.1035    	0.709500	64.8633   	
0.710000	0         	0.710000	64.862    	0.710000	2.10479   	0.710000	64.862    	
0.710500	0         	0.710500	64.8607   	0.710500	2.10609   	0.710500	64.8607   	
0.711000	0         	0.711000	64.8594   	0.711000	2.10739   	0.711000	64.8594   	
0.711500	0         	0.711500	64.8581   	0.711500	2.10868   	0.711500	64.8581   	
0.712000	0         	0.712000	64.8568   	0.712000	2.10998   	0.712000	64.8568   	
0.712500	0         	0.712500	64.8555   	0.712500	2.11127   	0.712500	64.8555   	
0.713000	0         	0.713000	64.8542   	0.713000	2.11256   	0.713000	64.8542   	
0.713500	0         	0.713500	64.8529   	0.713500	2.11385   	0.713500	64.8529   	
0.714000	0         	0.714000	64.8516   	0.714000	2.11515   	0.714000	64.8516   	
0.714500	0         	0.714500	64.8503   	0.714500	2.11644   	0.714500	64.8503   	
0.715000	0         	0.715000	64.8491   	0.715000	2.11773   	0.715000	64.8491   	
0.715500	0         	0.715500	64.8478   	0.715500	2.11902   	0.715500	64.8478   	
0.716000	0         	0.716000	64.8465   	0.716000	2.12031   	0.716000	64.8465   	
0.716500	0         	0.716500	64.8452   	0.716500	2.1216    	0.716500	64.8452   	
0.717000	0         	0.717000	64.8439   	0.717000	2.12289   	0.717000	64.8439   	
0.717500	0         	0.717500	64.8426   	0.717500	2.12418   	0.717500	64.8426   	
0.718000	0         	0.718000	64.8413   	0.718000	2.12547   	0.718000	64.8413   	
0.718500	0         	0.718500	64.84     	0.718500	2.12676   	0.718500	64.84     	
0.719000	0         	0.719000	64.8387   	0.719000	2.12805   	0.719000	64.8387   	
0.719500	0         	0.719500	64.8374   	0.719500	2.12934   	0.719500	64.8374   	
0.720000	0         	0.720000	64.8362   	0.720000	2.13063   	0.720000	64.8362   	
0.720500	0         	0.720500	64.8349   	0.720500	2.13192   	0.720500	64.8349   	
0.721000	0         	0.721000	64.8336   	0.721000	2.1332    	0.721000	64.8336   	
0.721500	0         	0.721500	64.8323   	0.721500	2.13449   	0.721500	64.8323   	
0.722000	0         	0.722000	64.831    	0.722000	2.13578   	0.722000	64.831    	
0.722500	0         	0.722500	64.8297   	0.722500	2.13707   	0.722500	64.8297   	
0.723000	0         	0.723000	64.8284   	0.723000	2.13836   	0.723000	64.8284   	
0.723500	0         	0.723500	64.8271   	0.723500	2.13964   	0.723500	64.8271   	
0.724000	0         	0.724000	64.8259   	0.724000	2.14093   	0.724000	64.8259   	
0.724500	0         	0.724500	64.8246   	0.724500	2.14222   	0.724500	64.8246   	
0.725000	0         	0.725000	64.8233   	0.725000	2.1435    	0.725000	64.8233   	
0.725500	0         	0.725500	64.822    	0.725500	2.14479   	0.725500	64.822    	
0.726000	0         	0.726000	64.8207   	0.726000	2.14607   	0.726000	64.8207   	
0.726500	0         	0.726500	64.8194   	0.726500	2.14736   	0.726500	64.8194   	
0.727000	0         	0.727000	64.8181   	0.727000	2.14864   	0.727000	64.8181   	
0.727500	0         	0.727500	64.8169   	0.727500	2.14993   	0.727500	64.8169   	
0.728000	0         	0.728000	64.8156   	0.728000	2.15121   	0.728000	64.8156   	
0.728500	0         	0.728500	64.8143   	0.728500	2.15249   	0.728500	64.8143   	
0.729000	0         	0.729000	64.813    	0.729000	2.15378   	0.729000	64.813    	
0.729500	0         	0.729500	64.8117   	0.729500	2.15506   	0.729500	64.8117   	
0.730000	0         	0.730000	64.8104   	0.730000	2.15634   	0.730000	64.8104   	
0.730500	0         	0.730500	64.8092   	0.730500	2.15763   	0.730500	64.8092   	
0.731000	0         	0.731000	64.8079   	0.731000	2.15891   	0.731000	64.8079   	
0.731500	0         	0.731500	64.8066   	0.731500	2.16019   	0.731500	64.8066   	
0.732000	0         	0.732000	64.8053   	0.732000	2.16147   	0.732000	64.8053   	
0.732500	0         	0.732500	64.804    	0.732500	2.16275   	0.732500	64.804    	
0.733000	0         	0.733000	64.8028   	0.733000	2.16403   	0.733000	64.8028   	
0.733500	0         	0.733500	64.8015   	0.733500	2.16532   	0.733500	64.8015   	
0.734000	0         	0.734000	64.8002   	0.734000	2.1666    	0.734000	64.8002   	
0.734500	0         	0.734500	64.7989   	0.734500	2.16788   	0.734500	64.7989   	
0.735000	0         	0.735000	64.7976   	0.735000	2.16916   	0.735000	64.7976   	
0.735500	0         	0.735500	64.7963   	0.735500	2.17044   	0.735500	64.7963   	
0.736000	0         	0.736000	64.7951   	0.736000	2.17171   	0.736000	64.7951   	
0.736500	0         	0.736500	64.7938   	0.736500	2.17299   	0.736500	64.7938   	
0.737000	0         	0.737000	64.7925   	0.737000	2.17427   	0.737000	64.7925   	
0.737500	0         	0.737500	64.7912   	0.737500	2.17555   	0.737500	64.7912   	
0.738000	0         	0.738000	64.79     	0.738000	2.17683   	0.738000	64.79     	
0.738500	0         	0.738500	64.7887   	0.738500	2.17811   	0.738500	64.7887   	
0.739000	0         	0.739000	64.7874   	0.739000	2.17938   	0.739000	64.7874   	
0.739500	0         	0.739500	64.7861   	0.739500	2.18066   	0.739500	64.7861   	
0.740000	0         	0.740000	64.7848   	0.740000	2.18194   	0.740000	64.7848   	
0.740500	0         	0.740500	64.7836   	0.740500	2.18321   	0.740500	64.7836   	
0.741000	0         	0.741000	64.7823   	0.741000	2.18449   	0.741000	64.7823   	
0.741500	0         	0.741500	64.781    	0.741500	2.18576   	0.741500	64.781    	
0.742000	0         	0.742000	64.7797   	0.742000	2.18704   	0.742000	64.7797   	
0.742500	0         	0.742500	64.7785   	0.742500	2.18831   	0.742500	64.7785   	
0.743000	0         	0.743000	64.7772   	0.743000	2.18959   	0.743000	64.7772   	
0.743500	0         	0.743500	64.7759   	0.743500	2.19086   	0.743500	64.7759   	
0.744000	0         	0.744000	64.7747   	0.744000	2.19213   	0.744000	64.7747   	
0.744500	0         	0.744500	64.7734   	0.744500	2.19341   	0.744500	64.7734   	
0.745000	0         	0.745000	64.7721   	0.745000	2.19468   	0.745000	64.7721   	
0.745500	0         	0.745500	64.7708   	0.745500	2.19595   	0.745500	64.7708   	
0.746000	0         	0.746000	64.7696   	0.746000	2.19722   	0.746000	64.7696   	
0.746500	0         	0.746500	64.7683   	0.746500	2.19849   	0.746500	64.7683   	
0.747000	0         	0.747000	64.767    	0.747000	2.19975   	0.747000	64.767    	
0.747500	0         	0.747500	64.7658   	0.747500	2.20102   	0.747500	64.7658   	
0.748000	0         	0.748000	64.7645   	0.748000	2.20229   	0.748000	64.7645   	
0.748500	0         	0.748500	64.7632   	0.748500	2.20355   	0.748500	64.7632   	
0.749000	0         	0.749000	64.762    	0.749000	2.20482   	0.749000	64.762    	
0.749500	0         	0.749500	64.7607   	0.749500	2.20608   	0.749500	64.7607   	
0.750000	0         	0.750000	64.7594   	0.750000	2.20735   	0.750000	64.7594   	
0.750500	0         	0.750500	64.7582   	0.750500	2.20861   	0.750500	64.7582   	
0.751000	0         	0.751000	64.7569   	0.751000	2.20988   	0.751000	64.7569   	
0.751500	0         	0.751500	64.7556   	0.751500	2.21114   	0.751500	64.7556   	
0.752000	0         	0.752000	64.7544   	0.752000	2.2124    	0.752000	64.7544   	
0.752500	0         	0.752500	64.7531   	0.752500	2.21367   	0.752500	64.7531   	
0.753000	0         	0.753000	64.7519   	0.753000	2.21493   	0.753000	64.7519   	
0.753500	0         	0.753500	64.7506   	0.753500	2.21619   	0.753500	64.7506   	
0.754000	0         	0.754000	64.7493   	0.754000	2.21745   	0.754000	64.7493   	
0.754500	0         	0.754500	64.7481   	0.754500	2.21872   	0.754500	64.7481   	
0.755000	0         	0.755000	64.7468   	0.755000	2.21998   	0.755000	64.7468   	
0.755500	0         	0.755500	64.7455   	0.755500	2.22124   	0.755500	64.7455   	
0.756000	0         	0.756000	64.7443   	0.756000	2.2225    	0.756000	64.7443   	
0.756500	0         	0.756500	64.743    	0.756500	2.22376   	0.756500	64.743    	
0.757000	0         	0.757000	64.7418   	0.757000	2.22502   	0.757000	64.7418   	
0.757500	0         	0.757500	64.7405   	0.757500	2.22628   	0.757500	64.7405   	
0.758000	0         	0.758000	64.7393   	0.758000	2.22753   	0.758000	64.7393   	
0.758500	0         	0.758500	64.738    	0.758500	2.22879   	0.758500	64.738    	
0.759000	0         	0.759000	64.7367   	0.759000	2.23005   	0.759000	64.7367   	
0.759500	0         	0.759500	64.7355   	0.759500	2.23131   	0.759500	64.7355   	
0.760000	0         	0.760000	64.7342   	0.760000	2.23256   	0.760000	64.7342   	
0.760500	0         	0.760500	64.733    	0.760500	2.23382   	0.760500	64.733    	
0.761000	0         	0.761000	64.7317   	0.761000	2.23508   	0.761000	64.7317   	
0.761500	0         	0.761500	64.7305   	0.761500	2.23633   	0.761500	64.7305   	
0.762000	0         	0.762000	64.7292   	0.762000	2.23759   	0.762000	64.7292   	
0.762500	0         	0.762500	64.7279   	0.762500	2.23884   	0.762500	64.7279   	
0.763000	0         	0.763000	64.7267   	0.763000	2.24009   	0.763000	64.7267   	
0.763500	0         	0.763500	64.7254   	0.763500	2.24135   	0.763500	64.7254   	
0.764000	0         	0.764000	64.7242   	0.764000	2.2426    	0.764000	64.7242   	
0.764500	0         	0.764500	64.7229   	0.764500	2.24385   	0.764500	64.7229   	
0.765000	0         	0.765000	64.7217   	0.765000	2.2451    	0.765000	64.7217   	
0.765500	0         	0.765500	64.7204   	0.765500	2.24635   	0.765500	64.7204   	
0.766000	0         	0.766000	64.7192   	0.766000	2.2476    	0.766000	64.7192   	
0.766500	0         	0.766500	64.7179   	0.766500	2.24886   	0.766500	64.7179   	
0.767000	0         	0.767000	64.7167   	0.767000	2.25011   	0.767000	64.7167   	
0.767500	0         	0.767500	64.7154   	0.767500	2.25135   	0.767500	64.7154   	
0.768000	0         	0.768000	64.7142   	0.768000	2.2526    	0.768000	64.7142   	
0.768500	0         	0.768500	64.7129   	0.768500	2.25385   	0.768500	64.7129   	
0.769000	0         	0.769000	64.7117   	0.769000	2.2551    	0.769000	64.7117   	
0.769500	0         	0.769500	64.7104   	0.769500	2.25635   	0.769500	64.7104   	
0.770000	0         	0.770000	64.7092   	0.770000	2.25759   	0.770000	64.7092   	
0.770500	0         	0.770500	64.7079   	0.770500	2.25884   	0.770500	64.7079   	
0.771000	0         	0.771000	64.7067   	0.771000	2.26009   	0.771000	64.7067   	
0.771500	0         	0.771500	64.7055   	0.771500	2.26133   	0.771500	64.7055   	
0.772000	0         	0.772000	64.7042   	0.772000	2.26258   	0.772000	64.7042   	
0.772500	0         	0.772500	64.703    	0.772500	2.26382   	0.772500	64.703    	
0.773000	0         	0.773000	64.7017   	0.773000	2.26506   	0.773000	64.7017   	
0.773500	0         	0.773500	64.7005   	0.773500	2.26631   	0.773500	64.7005   	
0.774000	0         	0.774000	64.6992   	0.774000	2.26755   	0.774000	64.6992   	
0.774500	0         	0.774500	64.698    	0.774500	2.26879   	0.774500	64.698    	
0.775000	0         	0.775000	64.6968   	0.775000	2.27003   	0.775000	64.6968   	
0.775500	0         	0.775500	64.6955   	0.775500	2.27127   	0.775500	64.6955   	
0.776000	0         	0.776000	64.6943   	0.776000	2.27252   	0.776000	64.6943   	
0.776500	0         	0.776500	64.693    	0.776500	2.27376   	0.776500	64.693    	
0.777000	0         	0.777000	64.6918   	0.777000	2.27499   	0.777000	64.6918   	
0.777500	0         	0.777500	64.6906   	0.777500	2.27623   	0.777500	64.6906   	
0.778000	0         	0.778000	64.6893   	0.778000	2.27747   	0.778000	64.6893   	
0.778500	0         	0.778500	64.6881   	0.778500	2.27871   	0.778500	64.6881   	
0.779000	0         	0.779000	64.6868   	0.779000	2.27994   	0.779000	64.6868   	
0.779500	0         	0.779500	64.6856   	0.779500	2.28118   	0.779500	64.6856   	
0.780000	0         	0.780000	64.6844   	0.780000	2.28241   	0.780000	64.6844   	
0.780500	0         	0.780500	64.6831   	0.780500	2.28365   	0.780500	64.6831   	
0.781000	0         	0.781000	64.6819   	0.781000	2.28488   	0.781000	64.6819   	
0.781500	0         	0.781500	64.6807   	0.781500	2.28611   	0.781500	64.6807   	
0.782000	0         	0.782000	64.6794   	0.782000	2.28735   	0.782000	64.6794   	
0.782500	0         	0.782500	64.6782   	0.782500	2.28858   	0.782500	64.6782   	
0.783000	0         	0.783000	64.677    	0.783000	2.28981   	0.783000	64.677    	
0.783500	0         	0.783500	64.6757   	0.783500	2.29104   	0.783500	64.6757   	
0.784000	0         	0.784000	64.6745   	0.784000	2.29226   	0.784000	64.6745   	
0.784500	0         	0.784500	64.6733   	0.784500	2.29349   	0.784500	64.6733   	
0.785000	0         	0.785000	64.6721   	0.785000	2.29471   	0.785000	64.6721   	
0.785500	0         	0.785500	64.6708   	0.785500	2.29594   	0.785500	64.6708   	
0.786000	0         	0.786000	64.6696   	0.786000	2.29716   	0.786000	64.6696   	
0.786500	0         	0.786500	64.6684   	0.786500	2.29838   	0.786500	64.6684   	
0.787000	0         	0.787000	64.6672   	0.787000	2.29961   	0.787000	64.6672   	
0.787500	0         	0.787500	64.666    	0.787500	2.30083   	0.787500	64.666    	
0.788000	0         	0.788000	64.6647   	0.788000	2.30205   	0.788000	64.6647   	
0.788500	0         	0.788500	64.6635   	0.788500	2.30327   	0.788500	64.6635   	
0.789000	0         	0.789000	64.6623   	0.789000	2.30449   	0.789000	64.6623   	
0.789500	0         	0.789500	64.6611   	0.789500	2.30571   	0.789500	64.6611   	
0.790000	0         	0.790000	64.6599   	0.790000	2.30692   	0.790000	64.6599   	
0.790500	0         	0.790500	64.6586   	0.790500	2.30814   	0.790500	64.6586   	
0.791000	0         	0.791000	64.6574   	0.791000	2.30936   	0.791000	64.6574   	
0.791500	0         	0.791500	64.6562   	0.791500	2.31057   	0.791500	64.6562   	
0.792000	0         	0.792000	64.655    	0.792000	2.31179   	0.792000	64.655    	
0.792500	0         	0.792500	64.6538   	0.792500	2.313     	0.792500	64.6538   	
0.793000	0         	0.793000	64.6526   	0.793000	2.31422   	0.793000	64.6526   	
0.793500	0         	0.793500	64.6514   	0.793500	2.31543   	0.793500	64.6514   	
0.794000	0         	0.794000	64.6501   	0.794000	2.31664   	0.794000	64.6501   	
0.794500	0         	0.794500	64.6489   	0.794500	2.31785   	0.794500	64.6489   	
0.795000	0         	0.795000	64.6477   	0.795000	2.31906   	0.795000	64.6477   	
0.795500	0         	0.795500	64.6465   	0.795500	2.32027   	0.795500	64.6465   	
0.796000	0         	0.796000	64.6453   	0.796000	2.32148   	0.796000	64.6453   	
0.796500	0         	0.796500	64.6441   	0.796500	2.32269   	0.796500	64.6441   	
0.797000	0         	0.797000	64.6429   	0.797000	2.3239    	0.797000	64.6429   	
0.797500	0         	0.797500	64.6417   	0.797500	2.3251    	0.797500	64.6417   	
0.798000	0         	0.798000	64.6405   	0.798000	2.32631   	0.798000	64.6405   	
0.798500	0         	0.798500	64.6393   	0.798500	2.32751   	0.798500	64.6393   	
0.799000	0         	0.799000	64.6381   	0.799000	2.32871   	0.799000	64.6381   	
0.799500	0         	0.799500	64.6369   	0.799500	2.32992   	0.799500	64.6369   	
0.800000	0         	0.800000	64.6357   	0.800000	2.33112   	0.800000	64.6357   	
0.800500	0         	0.800500	64.6345   	0.800500	2.33232   	0.800500	64.6345   	
0.801000	0         	0.801000	64.6333   	0.801000	2.33352   	0.801000	64.6333   	
0.801500	0         	0.801500	64.6321   	0.801500	2.33472   	0.801500	64.6321   	
0.802000	0         	0.802000	64.6309   	0.802000	2.33591   	0.802000	64.6309   	
0.802500	0         	0.802500	64.6297   	0.802500	2.33711   	0.802500	64.6297   	
0.803000	0         	0.803000	64.6285   	0.803000	2.33831   	0.803000	64.6285   	
0.803500	0         	0.803500	64.6273   	0.803500	2.3395    	0.803500	64.6273   	
0.804000	0         	0.804000	64.6261   	0.804000	2.3407    	0.804000	64.6261   	
0.804500	0         	0.804500	64.6249   	0.804500	2.34189   	0.804500	64.6249   	
0.805000	0         	0.805000	64.6237   	0.805000	2.34308   	0.805000	64.6237   	
0.805500	0         	0.805500	64.6225   	0.805500	2.34427   	0.805500	64.6225   	
0.806000	0         	0.806000	64.6213   	0.806000	2.34546   	0.806000	64.6213   	
0.806500	0         	0.806500	64.6201   	0.806500	2.34665   	0.806500	64.6201   	
0.807000	0         	0.807000	64.6189   	0.807000	2.34784   	0.807000	64.6189   	
0.807500	0         	0.807500	64.6178   	0.807500	2.34903   	0.807500	64.6178   	
0.808000	0         	0.808000	64.6166   	0.808000	2.35021   	0.808000	64.6166   	
0.808500	0         	0.808500	64.6154   	0.808500	2.3514    	0.808500	64.6154   	
0.809000	0         	0.809000	64.6142   	0.809000	2.35258   	0.809000	64.6142   	
0.809500	0         	0.809500	64.613    	0.809500	2.35376   	0.809500	64.613    	
0.810000	0         	0.810000	64.6118   	0.810000	2.35494   	0.810000	64.6118   	
0.810500	0         	0.810500	64.6107   	0.810500	2.35612   	0.810500	64.6107   	
0.811000	0         	0.811000	64.6095   	0.811000	2.3573    	0.811000	64.6095   	
0.811500	0         	0.811500	64.6083   	0.811500	2.35848   	0.811500	64.6083   	
0.812000	0         	0.812000	64.6071   	0.812000	2.35966   	0.812000	64.6071   	
0.812500	0         	0.812500	64.606    	0.812500	2.36083   	0.812500	64.606    	
0.813000	0         	0.813000	64.6048   	0.813000	2.36201   	0.813000	64.6048   	
0.813500	0         	0.813500	64.6036   	0.813500	2.36318   	0.813500	64.6036   	
0.814000	0         	0.814000	64.6024   	0.814000	2.36436   	0.814000	64.6024   	
0.814500	0         	0.814500	64.6013   	0.814500	2.36553   	0.814500	64.6013   	
0.815000	0         	0.815000	64.6001   	0.815000	2.3667    	0.815000	64.6001   	
0.815500	0         	0.815500	64.5989   	0.815500	2.36786   	0.815500	64.5989   	
0.816000	0         	0.816000	64.5978   	0.816000	2.36903   	0.816000	64.5978   	
0.816500	0         	0.816500	64.5966   	0.816500	2.3702    	0.816500	64.5966   	
0.817000	0         	0.817000	64.5954   	0.817000	2.37136   	0.817000	64.5954   	
0.817500	0         	0.817500	64.5943   	0.817500	2.37253   	0.817500	64.5943   	
0.818000	0         	0.818000	64.5931   	0.818000	2.37369   	0.818000	64.5931   	
0.818500	0         	0.818500	64.5919   	0.818500	2.37485   	0.818500	64.5919   	
0.819000	0         	0.819000	64.5908   	0.819000	2.37601   	0.819000	64.5908   	
0.819500	0         	0.819500	64.5896   	0.819500	2.37716   	0.819500	64.5896   	
0.820000	0         	0.820000	64.5885   	0.820000	2.37832   	0.820000	64.5885   	
0.820500	0         	0.820500	64.5873   	0.820500	2.37947   	0.820500	64.5873   	
0.821000	0         	0.821000	64.5862   	0.821000	2.38063   	0.821000	64.5862   	
0.821500	0         	0.821500	64.585    	0.821500	2.38178   	0.821500	64.585    	
0.822000	0         	0.822000	64.5839   	0.822000	2.38293   	0.822000	64.5839   	
0.822500	0         	0.822500	64.5827   	0.822500	2.38408   	0.822500	64.5827   	
0.823000	0         	0.823000	64.5816   	0.823000	2.38522   	0.823000	64.5816   	
0.823500	0         	0.823500	64.5804   	0.823500	2.38637   	0.823500	64.5804   	
0.824000	0         	0.824000	64.5793   	0.824000	2.38751   	0.824000	64.5793   	
0.824500	0         	0.824500	64.5781   	0.824500	2.38865   	0.824500	64.5781   	
0.825000	0         	0.825000	64.577    	0.825000	2.38979   	0.825000	64.577    	
0.825500	0         	0.825500	64.5759   	0.825500	2.39092   	0.825500	64.5759   	
0.826000	0         	0.826000	64.5747   	0.826000	2.39205   	0.826000	64.5747   	
0.826500	0         	0.826500	64.5736   	0.826500	2.39318   	0.826500	64.5736   	
0.827000	0         	0.827000	64.5725   	0.827000	2.39431   	0.827000	64.5725   	
0.827500	0         	0.827500	64.5713   	0.827500	2.39544   	0.827500	64.5713   	
0.828000	0         	0.828000	64.5702   	0.828000	2.39657   	0.828000	64.5702   	
0.828500	0         	0.828500	64.5691   	0.828500	2.39769   	0.828500	64.5691   	
0.829000	0         	0.829000	64.568    	0.829000	2.39881   	0.829000	64.568    	
0.829500	0         	0.829500	64.5669   	0.829500	2.39994   	0.829500	64.5669   	
0.830000	0         	0.830000	64.5657   	0.830000	2.40105   	0.830000	64.5657   	
0.830500	0         	0.830500	64.5646   	0.830500	2.40217   	0.830500	64.5646   	
0.831000	0         	0.831000	64.5635   	0.831000	2.40329   	0.831000	64.5635   	
0.831500	0         	0.831500	64.5624   	0.831500	2.4044    	0.831500	64.5624   	
0.832000	0         	0.832000	64.5613   	0.832000	2.40551   	0.832000	64.5613   	
0.832500	0         	0.832500	64.5602   	0.832500	2.40662   	0.832500	64.5602   	
0.833000	0         	0.833000	64.5591   	0.833000	2.40772   	0.833000	64.5591   	
0.833500	0         	0.833500	64.558    	0.833500	2.40883   	0.833500	64.558    	
0.834000	0         	0.834000	64.5569   	0.834000	2.40993   	0.834000	64.5569   	
0.834500	0         	0.834500	64.5558   	0.834500	2.41103   	0.834500	64.5558   	
0.835000	0         	0.835000	64.5547   	0.835000	2.41213   	0.835000	64.5547   	
0.835500	0         	0.835500	64.5536   	0.835500	2.41323   	0.835500	64.5536   	
0.836000	0         	0.836000	64.5525   	0.836000	2.41432   	0.836000	64.5525   	
0.836500	0         	0.836500	64.5514   	0.836500	2.41541   	0.836500	64.5514   	
0.837000	0         	0.837000	64.5503   	0.837000	2.4165    	0.837000	64.5503   	
0.837500	0         	0.837500	64.5492   	0.837500	2.41758   	0.837500	64.5492   	
0.838000	0         	0.838000	64.5481   	0.838000	2.41867   	0.838000	64.5481   	
0.838500	0         	0.838500	64.547    	0.838500	2.41975   	0.838500	64.547    	
0.839000	0         	0.839000	64.546    	0.839000	2.42083   	0.839000	64.546    	
0.839500	0         	0.839500	64.5449   	0.839500	2.4219    	0.839500	64.5449   	
0.840000	0         	0.840000	64.5438   	0.840000	2.42297   	0.840000	64.5438   	
0.840500	0         	0.840500	64.5427   	0.840500	2.42404   	0.840500	64.5427   	
0.841000	0         	0.841000	64.5417   	0.841000	2.42511   	0.841000	64.5417   	
0.841500	0         	0.841500	64.5406   	0.841500	2.42618   	0.841500	64.5406   	
0.842000	0         	0.842000	64.5395   	0.842000	2.42724   	0.842000	64.5395   	
0.842500	0         	0.842500	64.5385   	0.842500	2.4283    	0.842500	64.5385   	
0.843000	0         	0.843000	64.5374   	0.843000	2.42935   	0.843000	64.5374   	
0.843500	0         	0.843500	64.5364   	0.843500	2.43041   	0.843500	64.5364   	
0.844000	0         	0.844000	64.5353   	0.844000	2.43146   	0.844000	64.5353   	
0.844500	0         	0.844500	64.5343   	0.844500	2.4325    	0.844500	64.5343   	
0.845000	0         	0.845000	64.5332   	0.845000	2.43355   	0.845000	64.5332   	
0.845500	0         	0.845500	64.5322   	0.845500	2.43459   	0.845500	64.5322   	
0.846000	0         	0.846000	64.5312   	0.846000	2.43562   	0.846000	64.5312   	
0.846500	0         	0.846500	64.5301   	0.846500	2.43666   	0.846500	64.5301   	
0.847000	0         	0.847000	64.5291   	0.847000	2.43769   	0.847000	64.5291   	
0.847500	0         	0.847500	64.5281   	0.847500	2.43871   	0.847500	64.5281   	
0.848000	0         	0.848000	64.527    	0.848000	2.43974   	0.848000	64.527    	
0.848500	0         	0.848500	64.526    	0.848500	2.44076   	0.848500	64.526    	
0.849000	0         	0.849000	64.525    	0.849000	2.44177   	0.849000	64.525    	
0.849500	0         	0.849500	64.524    	0.849500	2.44278   	0.849500	64.524    	
0.850000	0         	0.850000	64.523    	0.850000	2.44379   	0.850000	64.523    	
0.850500	0         	0.850500	64.522    	0.850500	2.44479   	0.850500	64.522    	
0.851000	0         	0.851000	64.521    	0.851000	2.44579   	0.851000	64.521    	
0.851500	0         	0.851500	64.52     	0.851500	2.44679   	0.851500	64.52     	
0.852000	0         	0.852000	64.519    	0.852000	2.44778   	0.852000	64.519    	
0.852500	0         	0.852500	64.518    	0.852500	2.44877   	0.852500	64.518    	
0.853000	0         	0.853000	64.517    	0.853000	2.44975   	0.853000	64.517    	
0.853500	0         	0.853500	64.5161   	0.853500	2.45072   	0.853500	64.5161   	
0.854000	0         	0.854000	64.5151   	0.854000	2.4517    	0.854000	64.5151   	
0.854500	0         	0.854500	64.5141   	0.854500	2.45266   	0.854500	64.5141   	
0.855000	0         	0.855000	64.5132   	0.855000	2.45363   	0.855000	64.5132   	
0.855500	0         	0.855500	64.5122   	0.855500	2.45458   	0.855500	64.5122   	
0.856000	0         	0.856000	64.5113   	0.856000	2.45553   	0.856000	64.5113   	
0.856500	0         	0.856500	64.5103   	0.856500	2.45648   	0.856500	64.5103   	
0.857000	0         	0.857000	64.5094   	0.857000	2.45742   	0.857000	64.5094   	
0.857500	0         	0.857500	64.5084   	0.857500	2.45835   	0.857500	64.5084   	
0.858000	0         	0.858000	64.5075   	0.858000	2.45928   	0.858000	64.5075   	
0.858500	0         	0.858500	64.5066   	0.858500	2.46021   	0.858500	64.5066   	
0.859000	0         	0.859000	64.5057   	0.859000	2.46112   	0.859000	64.5057   	
0.859500	0         	0.859500	64.5048   	0.859500	2.46203   	0.859500	64.5048   	
0.860000	0         	0.860000	64.5038   	0.860000	2.46294   	0.860000	64.5038   	
0.860500	0         	0.860500	64.503    	0.860500	2.46383   	0.860500	64.503    	
0.861000	0         	0.861000	64.5021   	0.861000	2.46472   	0.861000	64.5021   	
0.861500	0         	0.861500	64.5012   	0.861500	2.4656    	0.861500	64.5012   	
0.862000	0         	0.862000	64.5003   	0.862000	2.46648   	0.862000	64.5003   	
0.862500	0         	0.862500	64.4994   	0.862500	2.46735   	0.862500	64.4994   	
0.863000	0         	0.863000	64.4986   	0.863000	2.4682    	0.863000	64.4986   	
0.863500	0         	0.863500	64.4977   	0.863500	2.46906   	0.863500	64.4977   	
0.864000	2.88495e-09	0.864000	64.4969   	0.864000	2.4699    	0.864000	64.4969   	
0.864500	7.1825e-07	0.864500	64.4961   	0.864500	2.47073   	0.864500	64.4961   	
0.865000	7.27762e-05	0.865000	64.4952   	0.865000	2.47155   	0.865000	64.4952   	
0.865500	0.000851274	0.865500	64.4936   	0.865500	2.47237   	0.865500	64.4944   	
0.866000	0.00455017	0.866000	64.4891   	0.866000	2.47317   	0.866000	64.4936   	
0.866500	0.00507819	0.866500	64.4877   	0.866500	2.47397   	0.866500	64.4928   	
0.867000	0.00449164	0.867000	64.4874   	0.867000	2.47492   	0.867000	64.4919   	
0.867500	0.00636613	0.867500	64.4836   	0.867500	2.47683   	0.867500	64.49     	
0.868000	0.00844573	0.868000	64.4787   	0.868000	2.47966   	0.868000	64.4871   	
0.868500	0.0109475 	0.868500	64.4734   	0.868500	2.48246   	0.868500	64.4843   	
0.869000	0.0144575 	0.869000	64.4666   	0.869000	2.4857    	0.869000	64.4811   	
0.869500	0.0190074 	0.869500	64.458    	0.869500	2.48982   	0.869500	64.477    	
0.870000	0.024802  	0.870000	64.447    	0.870000	2.49496   	0.870000	64.4718   	
0.870500	0.0321665 	0.870500	64.4331   	0.870500	2.50148   	0.870500	64.4653   	
0.871000	0.0414037 	0.871000	64.4156   	0.871000	2.50978   	0.871000	64.457    	
0.871500	0.0528673 	0.871500	64.3936   	0.871500	2.52034   	0.871500	64.4464   	
0.872000	0.0669831 	0.872000	64.3661   	0.872000	2.53373   	0.872000	64.4331   	
0.872500	0.0842108 	0.872500	64.3319   	0.872500	2.55066   	0.872500	64.4161   	
0.873000	0.105015  	0.873000	64.2899   	0.873000	2.57188   	0.873000	64.3949   	
0.873500	0.129891  	0.873500	64.2386   	0.873500	2.59831   	0.873500	64.3685   	
0.874000	0.159513  	0.874000	64.1762   	0.874000	2.63112   	0.874000	64.3357   	
0.874500	0.19435   	0.874500	64.1011   	0.874500	2.67138   	0.874500	64.2954   	
0.875000	0.234958  	0.875000	64.0115   	0.875000	2.72038   	0.875000	64.2464   	
0.875500	0.282097  	0.875500	63.9049   	0.875500	2.77977   	0.875500	64.187    	
0.876000	0.336351  	0.876000	63.7792   	0.876000	2.85123   	0.876000	64.1156   	
0.876500	0.398025  	0.876500	63.6327   	0.876500	2.93604   	0.876500	64.0307   	
0.877000	0.467714  	0.877000	63.4627   	0.877000	3.03633   	0.877000	63.9305   	
0.877500	0.546273  	0.877500	63.2663   	0.877500	3.15426   	0.877500	63.8125   	
0.878000	0.633431  	0.878000	63.0428   	0.878000	3.29055   	0.878000	63.6762   	
0.878500	0.72971   	0.878500	62.7897   	0.878500	3.44741   	0.878500	63.5194   	
0.879000	0.835599  	0.879000	62.5039   	0.879000	3.6273    	0.879000	63.3395   	
0.879500	0.950932  	0.879500	62.1845   	0.879500	3.8314    	0.879500	63.1354   	
0.880000	1.07584   	0.880000	61.83     	0.880000	4.06093   	0.880000	62.9059   	
0.880500	1.20993   	0.880500	61.4399   	0.880500	4.31692   	0.880500	62.6499   	
0.881000	1.35346   	0.881000	61.0131   	0.881000	4.6002    	0.881000	62.3666   	
0.881500	1.50477   	0.881500	60.5529   	0.881500	4.9091    	0.881500	62.0577   	
0.882000	1.6646    	0.882000	60.0578   	0.882000	5.24437   	0.882000	61.7224   	
0.882500	1.83178   	0.882500	59.5319   	0.882500	5.60311   	0.882500	61.3637   	
0.883000	2.00534   	0.883000	58.9803   	0.883000	5.98117   	0.883000	60.9856   	
0.883500	2.1853    	0.883500	58.4058   	0.883500	6.37574   	0.883500	60.5911   	
0.884000	2.37009   	0.884000	57.8166   	0.884000	6.78012   	0.884000	60.1867   	
0.884500	2.559     	0.884500	57.2205   	0.884500	7.18732   	0.884500	59.7795   	
0.885000	2.7526    	0.885000	56.6257   	0.885000	7.58853   	0.885000	59.3783   	
0.885500	2.95111   	0.885500	56.037    	0.885500	7.97872   	0.885500	58.9881   	
0.886000	3.15606   	0.886000	55.4551   	0.886000	8.3556    	0.886000	58.6112   	
0.886500	3.36851   	0.886500	54.8871   	0.886500	8.71113   	0.886500	58.2557   	
0.887000	3.59025   	0.887000	54.3416   	0.887000	9.03492   	0.887000	57.9319   	
0.887500	3.82067   	0.887500	53.8279   	0.887500	9.31823   	0.887500	57.6486   	
0.888000	4.05848   	0.888000	53.3364   	0.888000	9.57192   	0.888000	57.3949   	
0.888500	4.30567   	0.888500	52.8939   	0.888500	9.76725   	0.888500	57.1995   	
0.889000	4.56636   	0.889000	52.5396   	0.889000	9.86081   	0.889000	57.106    	
0.889500	4.8458    	0.889500	52.2822   	0.889500	9.83879   	0.889500	57.128    	
0.890000	5.14899   	0.890000	52.1035   	0.890000	9.71431   	0.890000	57.2525   	
0.890500	5.48575   	0.890500	51.9651   	0.890500	9.51596   	0.890500	57.4508   	
0.891000	5.86782   	0.891000	51.8099   	0.891000	9.28909   	0.891000	57.6777   	
0.891500	6.30775   	0.891500	51.5983   	0.891500	9.06073   	0.891500	57.9061   	
0.892000	6.81679   	0.892000	51.284    	0.892000	8.86596   	0.892000	58.1008   	
0.892500	7.39642   	0.892500	50.875    	0.892500	8.69539   	0.892500	58.2714   	
0.893000	8.06496   	0.893000	50.3493   	0.893000	8.55248   	0.893000	58.4143   	
0.893500	8.8043    	0.893500	49.6989   	0.893500	8.46362   	0.893500	58.5032   	
0.894000	9.5944    	0.894000	48.8741   	0.894000	8.49831   	0.894000	58.4685   	
0.894500	10.4633   	0.894500	47.6544   	0.894500	8.84913   	0.894500	58.1177   	
0.895000	11.0621   	0.895000	46.2667   	0.895000	9.63799   	0.895000	57.3288   	
0.895500	11.8257   	0.895500	44.4248   	0.895500	10.7163   	0.895500	56.2505   	
0.896000	12.519    	0.896000	42.2319   	0.896000	12.2159   	0.896000	54.7509   	
0.896500	12.9875   	0.896500	39.5384   	0.896500	14.441    	0.896500	52.5258   	
0.897000	13.3561   	0.897000	36.4815   	0.897000	17.1292   	0.897000	49.8376   	
0.897500	13.6802   	0.897500	33.0974   	0.897500	20.1893   	0.897500	46.7775   	
0.898000	13.8758   	0.898000	29.4691   	0.898000	23.6219   	0.898000	43.3449   	
0.898500	14.0084   	0.898500	25.6603   	0.898500	27.2981   	0.898500	39.6687   	
0.899000	13.9982   	0.899000	21.824    	0.899000	31.1446   	0.899000	35.8222   	
0.899500	13.8463   	0.899500	18.0407   	0.899500	35.0798   	0.899500	31.887    	
0.900000	16.4909   	0.900000	3.56678   	0.900000	46.9091   	0.900000	20.0577   	
0.900500	16.7282   	0.900500	1.16921   	0.900500	49.0694   	0.900500	17.8974   	
0.901000	12.7439   	0.901000	0.000259575	0.901000	54.2226   	0.901000	12.7442   	
0.901500	11.5251   	0.901500	0         	0.901500	55.4417   	0.901500	11.5251   	
0.902000	6.67198   	0.902000	0         	0.902000	60.2948   	0.902000	6.67198   	
0.902500	4.13447   	0.902500	0         	0.902500	62.8323   	0.902500	4.13447   	
0.903000	1.97467   	0.903000	0         	0.903000	64.9921   	0.903000	1.97467   	
0.903500	0.334071  	0.903500	0         	0.903500	66.6327   	0.903500	0.334071  	
0.904000	0.140652  	0.904000	0         	0.904000	66.8261   	0.904000	0.140652  	
0.904500	1.48632e-08	0.904500	0         	0.904500	66.9668   	0.904500	1.48632e-08	
0.905000	6.03243e-11	0.905000	0         	0.905000	66.9668   	0.905000	6.03243e-11	
0.905500	1.06348e-12	0.905500	0         	0.905500	66.9668   	0.905500	1.06348e-12	
0.906000	3.35257e-14	0.906000	0         	0.906000	66.9668   	0.906000	3.35257e-14	
0.906500	7.65939e-05	0.906500	0         	0.906500	66.9667   	0.906500	7.65939e-05	
0.907000	0         	0.907000	0         	0.907000	66.9668   	0.907000	0         	
0.907500	0         	0.907500	0         	0.907500	66.9668   	0.907500	0         	
0.908000	0         	0.908000	0         	0.908000	66.9668   	0.908000	0         	
0.908500	0         	0.908500	0         	0.908500	66.9668   	0.908500	0         	
0.909000	0         	0.909000	0         	0.909000	66.9668   	0.909000	0         	
0.909500	0         	0.909500	0         	0.909500	66.9668   	0.909500	0         	
0.910000	0         	0.910000	0         	0.910000	66.9668   	0.910000	0         	
0.910500	0         	0.910500	0         	0.910500	66.9668   	0.910500	0         	
0.911000	0         	0.911000	0         	0.911000	66.9668   	0.911000	0         	
0.911500	0         	0.911500	0         	0.911500	66.9668   	0.911500	0         	
0.912000	0         	0.912000	0         	0.912000	66.9668   	0.912000	0         	
0.912500	0         	0.912500	0         	0.912500	66.9668   	0.912500	0         	
0.913000	0         	0.913000	0         	0.913000	66.9668   	0.913000	0         	
0.913500	0         	0.913500	0         	0.913500	66.9668   	0.913500	0         	
0.914000	0         	0.914000	0         	0.914000	66.9668   	0.914000	0         	
0.914500	0         	0.914500	0         	0.914500	66.9668   	0.914500	0         	
0.915000	0         	0.915000	0         	0.915000	66.9668   	0.915000	0         	
0.915500	0         	0.915500	0         	0.915500	66.9668   	0.915500	0         	
0.916000	0         	0.916000	0         	0.916000	66.9668   	0.916000	0         	
0.916500	0         	0.916500	0         	0.916500	66.9668   	0.916500	0         	
0.917000	0         	0.917000	0         	0.917000	66.9668   	0.917000	0         	
0.917500	0         	0.917500	0         	0.917500	66.9668   	0.917500	0         	
0.918000	0         	0.918000	0         	0.918000	66.9668   	0.918000	0         	
0.918500	0         	0.918500	0         	0.918500	66.9668   	0.918500	0         	
0.919000	0         	0.919000	0         	0.919000	66.9668   	0.919000	0         	
0.919500	0         	0.919500	0         	0.919500	66.9668   	0.919500	0         	
0.920000	0         	0.920000	0         	0.920000	66.9668   	0.920000	0         	
0.920500	0         	0.920500	0         	0.920500	66.9668   	0.920500	0         	
0.921000	0         	0.921000	0         	0.921000	66.9668   	0.921000	0         	
0.921500	0         	0.921500	0         	0.921500	66.9668   	0.921500	0         	
0.922000	0         	0.922000	0         	0.922000	66.9668   	0.922000	0         	
0.922500	0         	0.922500	0         	0.922500	66.9668   	0.922500	0         	
0.923000	0         	0.923000	0         	0.923000	66.9668   	0.923000	0         	
0.923500	0         	0.923500	0         	0.923500	66.9668   	0.923500	0         	
0.924000	0         	0.924000	0         	0.924000	66.9668   	0.924000	0         	
0.924500	0         	0.924500	0         	0.924500	66.9668   	0.924500	0         	
0.925000	0         	0.925000	0         	0.925000	66.9668   	0.925000	0         	
0.925500	0         	0.925500	0         	0.925500	66.9668   	0.925500	0         	
0.926000	0         	0.926000	0         	0.926000	66.9668   	0.926000	0         	
0.926500	0         	0.926500	0         	0.926500	66.9668   	0.926500	0         	
0.927000	0         	0.927000	0         	0.927000	66.9668   	0.927000	0         	
0.927500	0         	0.927500	0         	0.927500	66.9668   	0.927500	0         	
0.928000	0         	0.928000	0         	0.928000	66.9668   	0.928000	0         	
0.928500	0         	0.928500	0         	0.928500	66.9668   	0.928500	0         	
0.929000	0         	0.929000	0         	0.929000	66.9668   	0.929000	0         	
0.929500	0         	0.929500	0         	0.929500	66.9668   	0.929500	0         	
0.930000	0         	0.930000	0         	0.930000	66.9668   	0.930000	0         	
0.930500	0         	0.930500	0         	0.930500	66.9668   	0.930500	0         	
0.931000	0         	0.931000	0         	0.931000	66.9668   	0.931000	0         	
0.931500	0         	0.931500	0         	0.931500	66.9668   	0.931500	0         	
0.932000	0         	0.932000	0         	0.932000	66.9668   	0.932000	0         	
0.932500	0         	0.932500	0         	0.932500	66.9668   	0.932500	0         	
0.933000	0         	0.933000	0         	0.933000	66.9668   	0.933000	0         	
0.933500	0         	0.933500	0         	0.933500	66.9668   	0.933500	0         	
0.934000	0         	0.934000	0         	0.934000	66.9668   	0.934000	0         	
0.934500	0         	0.934500	0         	0.934500	66.9668   	0.934500	0         	
0.935000	0         	0.935000	0         	0.935000	66.9668   	0.935000	0         	
0.935500	0         	0.935500	0         	0.935500	66.9668   	0.935500	0         	
0.936000	0         	0.936000	0         	0.936000	66.9668   	0.936000	0         	
0.936500	0         	0.936500	0         	0.936500	66.9668   	0.936500	0         	
0.937000	0         	0.937000	0         	0.937000	66.9668   	0.937000	0         	
0.937500	0         	0.937500	0         	0.937500	66.9668   	0.937500	0         	
0.938000	0         	0.938000	0         	0.938000	66.9668   	0.938000	0         	
0.938500	0         	0.938500	0         	0.938500	66.9668   	0.938500	0         	
0.939000	0         	0.939000	0         	0.939000	66.9668   	0.939000	0         	
0.939500	0         	0.939500	0         	0.939500	66.9668   	0.939500	0         	
0.940000	0         	0.940000	0         	0.940000	66.9668   	0.940000	0         	
0.940500	0         	0.940500	0         	0.940500	66.9668   	0.940500	0         	
0.941000	0         	0.941000	0         	0.941000	66.9668   	0.941000	0         	
0.941500	0         	0.941500	0         	0.941500	66.9668   	0.941500	0         	
0.942000	0         	0.942000	0         	0.942000	66.9668   	0.942000	0         	
0.942500	0         	0.942500	0         	0.942500	66.9668   	0.942500	0         	
0.943000	0         	0.943000	0         	0.943000	66.9668   	0.943000	0         	
0.943500	0         	0.943500	0         	0.943500	66.9668   	0.943500	0         	
0.944000	0         	0.944000	0         	0.944000	66.9668   	0.944000	0         	
0.944500	0         	0.944500	0         	0.944500	66.9668   	0.944500	0         	
0.945000	0         	0.945000	0         	0.945000	66.9668   	0.945000	0         	
0.945500	0         	0.945500	0         	0.945500	66.9668   	0.945500	0         	
0.946000	0         	0.946000	0         	0.946000	66.9668   	0.946000	0         	
0.946500	0         	0.946500	0         	0.946500	66.9668   	0.946500	0         	
0.947000	0         	0.947000	0         	0.947000	66.9668   	0.947000	0         	
0.947500	0         	0.947500	0         	0.947500	66.9668   	0.947500	0         	
0.948000	0         	0.948000	0         	0.948000	66.9668   	0.948000	0         	
0.948500	0         	0.948500	0         	0.948500	66.9668   	0.948500	0         	
0.949000	0         	0.949000	0         	0.949000	66.9668   	0.949000	0         	
0.949500	0         	0.949500	0         	0.949500	66.9668   	0.949500	0         	
0.950000	0         	0.950000	0         	0.950000	66.9668   	0.950000	0         	
0.950500	0         	0.950500	0         	0.950500	66.9668   	0.950500	0         	
0.951000	0         	0.951000	0         	0.951000	66.9668   	0.951000	0         	
0.951500	0         	0.951500	0         	0.951500	66.9668   	0.951500	0         	
0.952000	0         	0.952000	0         	0.952000	66.9668   	0.952000	0         	
0.952500	0         	0.952500	0         	0.952500	66.9668   	0.952500	0         	
0.953000	0         	0.953000	0         	0.953000	66.9668   	0.953000	0         	
0.953500	0         	0.953500	0         	0.953500	66.9668   	0.953500	0         	
0.954000	0         	0.954000	0         	0.954000	66.9668   	0.954000	0         	
0.954500	0         	0.954500	0         	0.954500	66.9668   	0.954500	0         	
0.955000	0         	0.955000	0         	0.955000	66.9668   	0.955000	0         	
0.955500	0         	0.955500	0         	0.955500	66.9668   	0.955500	0         	
0.956000	0         	0.956000	0         	0.956000	66.9668   	0.956000	0         	
0.956500	0         	0.956500	0         	0.956500	66.9668   	0.956500	0         	
0.957000	0         	0.957000	0         	0.957000	66.9668   	0.957000	0         	
0.957500	0         	0.957500	0         	0.957500	66.9668   	0.957500	0         	
0.958000	0         	0.958000	0         	0.958000	66.9668   	0.958000	0         	
0.958500	0         	0.958500	0         	0.958500	66.9668   	0.958500	0         	
0.959000	0         	0.959000	0         	0.959000	66.9668   	0.959000	0         	
0.959500	0         	0.959500	0         	0.959500	66.9668   	0.959500	0         	
0.960000	0         	0.960000	0         	0.960000	66.9668   	0.960000	0         	
