i144	144	53	0.73	1.66.E-02	94	0.072597139	0.001205113	23.04994572 144I
te142	142	52	0.76	6.19.E-01	147	0.081482468	0.050437647	0.550735 142Te
i143	143	53	0.77	3.83.E-01	182	0.084755369	0.032461306	0.855719658 143I
sb140	140	51	0.79	1.97.E-01	170	0.083771572	0.016503	1.683195673 140Sb
te141	141	52	0.8	1.64.E+01	193	0.085558136	1.403153426	0.019796679 141Te
sn138	138	50	0.82	4.55.E-02	148	0.08159529	0.003712586	7.482056993 138Sn
sb139	139	51	0.83	8.22.E+00	182	0.084755369	0.696689129	0.039871123 139Sb
sn137	137	50	0.86	1.30.E+00	249	0.088612648	0.115196443	0.241133989 137Sn
sb138	138	51	0.87	1.14.E+00	333	0.091356624	0.104146551	0.266718173 138Sb
in135	135	49	0.88	7.64.E-02	103	0.074657281	0.005703816	4.870033759 135In
sn136	136	50	0.9	1.39.E+01	355	0.091869859	1.276991046	0.021752524 136Sn