Thickness of SUS flat deg [mm]1	(B-C) stopped in THIS detector	Thickness of SUS flat deg [mm]2	(C)   yield after THIS detector 	Thickness of SUS flat deg [mm]3	(A-B) stopped before THIS detector	Thickness of SUS flat deg [mm]4	(B)   yield before THIS detector	
0.660000	0         	0.660000	105.737   	0.660000	3.23709   	0.660000	105.737   	
0.660500	0         	0.660500	105.735   	0.660500	3.23916   	0.660500	105.735   	
0.661000	0         	0.661000	105.732   	0.661000	3.24123   	0.661000	105.732   	
0.661500	0         	0.661500	105.73    	0.661500	3.2433    	0.661500	105.73    	
0.662000	0         	0.662000	105.728   	0.662000	3.24537   	0.662000	105.728   	
0.662500	0         	0.662500	105.726   	0.662500	3.24744   	0.662500	105.726   	
0.663000	0         	0.663000	105.724   	0.663000	3.2495    	0.663000	105.724   	
0.663500	0         	0.663500	105.722   	0.663500	3.25157   	0.663500	105.722   	
0.664000	0         	0.664000	105.72    	0.664000	3.25364   	0.664000	105.72    	
0.664500	0         	0.664500	105.718   	0.664500	3.2557    	0.664500	105.718   	
0.665000	0         	0.665000	105.716   	0.665000	3.25776   	0.665000	105.716   	
0.665500	0         	0.665500	105.714   	0.665500	3.25983   	0.665500	105.714   	
0.666000	0         	0.666000	105.712   	0.666000	3.26189   	0.666000	105.712   	
0.666500	0         	0.666500	105.71    	0.666500	3.26395   	0.666500	105.71    	
0.667000	0         	0.667000	105.708   	0.667000	3.26601   	0.667000	105.708   	
0.667500	0         	0.667500	105.706   	0.667500	3.26807   	0.667500	105.706   	
0.668000	0         	0.668000	105.704   	0.668000	3.27013   	0.668000	105.704   	
0.668500	0         	0.668500	105.702   	0.668500	3.27218   	0.668500	105.702   	
0.669000	0         	0.669000	105.699   	0.669000	3.27424   	0.669000	105.699   	
0.669500	0         	0.669500	105.697   	0.669500	3.2763    	0.669500	105.697   	
0.670000	0         	0.670000	105.695   	0.670000	3.27835   	0.670000	105.695   	
0.670500	0         	0.670500	105.693   	0.670500	3.2804    	0.670500	105.693   	
0.671000	0         	0.671000	105.691   	0.671000	3.28246   	0.671000	105.691   	
0.671500	0         	0.671500	105.689   	0.671500	3.28451   	0.671500	105.689   	
0.672000	0         	0.672000	105.687   	0.672000	3.28656   	0.672000	105.687   	
0.672500	0         	0.672500	105.685   	0.672500	3.28861   	0.672500	105.685   	
0.673000	0         	0.673000	105.683   	0.673000	3.29066   	0.673000	105.683   	
0.673500	0         	0.673500	105.681   	0.673500	3.29271   	0.673500	105.681   	
0.674000	0         	0.674000	105.679   	0.674000	3.29476   	0.674000	105.679   	
0.674500	0         	0.674500	105.677   	0.674500	3.2968    	0.674500	105.677   	
0.675000	0         	0.675000	105.675   	0.675000	3.29885   	0.675000	105.675   	
0.675500	0         	0.675500	105.673   	0.675500	3.30089   	0.675500	105.673   	
0.676000	0         	0.676000	105.671   	0.676000	3.30294   	0.676000	105.671   	
0.676500	0         	0.676500	105.669   	0.676500	3.30498   	0.676500	105.669   	
0.677000	0         	0.677000	105.667   	0.677000	3.30702   	0.677000	105.667   	
0.677500	0         	0.677500	105.665   	0.677500	3.30906   	0.677500	105.665   	
0.678000	0         	0.678000	105.663   	0.678000	3.3111    	0.678000	105.663   	
0.678500	0         	0.678500	105.661   	0.678500	3.31314   	0.678500	105.661   	
0.679000	0         	0.679000	105.659   	0.679000	3.31518   	0.679000	105.659   	
0.679500	0         	0.679500	105.656   	0.679500	3.31721   	0.679500	105.656   	
0.680000	0         	0.680000	105.654   	0.680000	3.31925   	0.680000	105.654   	
0.680500	0         	0.680500	105.652   	0.680500	3.32128   	0.680500	105.652   	
0.681000	0         	0.681000	105.65    	0.681000	3.32332   	0.681000	105.65    	
0.681500	0         	0.681500	105.648   	0.681500	3.32535   	0.681500	105.648   	
0.682000	0         	0.682000	105.646   	0.682000	3.32738   	0.682000	105.646   	
0.682500	0         	0.682500	105.644   	0.682500	3.32941   	0.682500	105.644   	
0.683000	0         	0.683000	105.642   	0.683000	3.33143   	0.683000	105.642   	
0.683500	0         	0.683500	105.64    	0.683500	3.33346   	0.683500	105.64    	
0.684000	0         	0.684000	105.638   	0.684000	3.33549   	0.684000	105.638   	
0.684500	0         	0.684500	105.636   	0.684500	3.33751   	0.684500	105.636   	
0.685000	0         	0.685000	105.634   	0.685000	3.33954   	0.685000	105.634   	
0.685500	0         	0.685500	105.632   	0.685500	3.34156   	0.685500	105.632   	
0.686000	0         	0.686000	105.63    	0.686000	3.34358   	0.686000	105.63    	
0.686500	0         	0.686500	105.628   	0.686500	3.3456    	0.686500	105.628   	
0.687000	0         	0.687000	105.626   	0.687000	3.34762   	0.687000	105.626   	
0.687500	0         	0.687500	105.624   	0.687500	3.34964   	0.687500	105.624   	
0.688000	0         	0.688000	105.622   	0.688000	3.35165   	0.688000	105.622   	
0.688500	0         	0.688500	105.62    	0.688500	3.35366   	0.688500	105.62    	
0.689000	0         	0.689000	105.618   	0.689000	3.35567   	0.689000	105.618   	
0.689500	0         	0.689500	105.616   	0.689500	3.35768   	0.689500	105.616   	
0.690000	0         	0.690000	105.614   	0.690000	3.35969   	0.690000	105.614   	
0.690500	0         	0.690500	105.612   	0.690500	3.36169   	0.690500	105.612   	
0.691000	0         	0.691000	105.61    	0.691000	3.3637    	0.691000	105.61    	
0.691500	0         	0.691500	105.608   	0.691500	3.3657    	0.691500	105.608   	
0.692000	0         	0.692000	105.606   	0.692000	3.3677    	0.692000	105.606   	
0.692500	0         	0.692500	105.604   	0.692500	3.36971   	0.692500	105.604   	
0.693000	0         	0.693000	105.602   	0.693000	3.3717    	0.693000	105.602   	
0.693500	0         	0.693500	105.6     	0.693500	3.3737    	0.693500	105.6     	
0.694000	0         	0.694000	105.598   	0.694000	3.3757    	0.694000	105.598   	
0.694500	0         	0.694500	105.596   	0.694500	3.3777    	0.694500	105.596   	
0.695000	0         	0.695000	105.594   	0.695000	3.37969   	0.695000	105.594   	
0.695500	0         	0.695500	105.592   	0.695500	3.38169   	0.695500	105.592   	
0.696000	0         	0.696000	105.59    	0.696000	3.38368   	0.696000	105.59    	
0.696500	0         	0.696500	105.588   	0.696500	3.38567   	0.696500	105.588   	
0.697000	0         	0.697000	105.586   	0.697000	3.38766   	0.697000	105.586   	
0.697500	0         	0.697500	105.584   	0.697500	3.38965   	0.697500	105.584   	
0.698000	0         	0.698000	105.582   	0.698000	3.39163   	0.698000	105.582   	
0.698500	0         	0.698500	105.58    	0.698500	3.39362   	0.698500	105.58    	
0.699000	0         	0.699000	105.578   	0.699000	3.3956    	0.699000	105.578   	
0.699500	0         	0.699500	105.576   	0.699500	3.39758   	0.699500	105.576   	
0.700000	0         	0.700000	105.574   	0.700000	3.39956   	0.700000	105.574   	
0.700500	0         	0.700500	105.572   	0.700500	3.40154   	0.700500	105.572   	
0.701000	0         	0.701000	105.57    	0.701000	3.40352   	0.701000	105.57    	
0.701500	0         	0.701500	105.568   	0.701500	3.4055    	0.701500	105.568   	
0.702000	0         	0.702000	105.566   	0.702000	3.40747   	0.702000	105.566   	
0.702500	0         	0.702500	105.564   	0.702500	3.40945   	0.702500	105.564   	
0.703000	0         	0.703000	105.562   	0.703000	3.41142   	0.703000	105.562   	
0.703500	0         	0.703500	105.56    	0.703500	3.41339   	0.703500	105.56    	
0.704000	0         	0.704000	105.558   	0.704000	3.41536   	0.704000	105.558   	
0.704500	0         	0.704500	105.556   	0.704500	3.41732   	0.704500	105.556   	
0.705000	0         	0.705000	105.554   	0.705000	3.41929   	0.705000	105.554   	
0.705500	0         	0.705500	105.552   	0.705500	3.42125   	0.705500	105.552   	
0.706000	0         	0.706000	105.55    	0.706000	3.42321   	0.706000	105.55    	
0.706500	0         	0.706500	105.549   	0.706500	3.42517   	0.706500	105.549   	
0.707000	0         	0.707000	105.547   	0.707000	3.42713   	0.707000	105.547   	
0.707500	0         	0.707500	105.545   	0.707500	3.42909   	0.707500	105.545   	
0.708000	0         	0.708000	105.543   	0.708000	3.43104   	0.708000	105.543   	
0.708500	0         	0.708500	105.541   	0.708500	3.433     	0.708500	105.541   	
0.709000	0         	0.709000	105.539   	0.709000	3.43495   	0.709000	105.539   	
0.709500	0         	0.709500	105.537   	0.709500	3.4369    	0.709500	105.537   	
0.710000	0         	0.710000	105.535   	0.710000	3.43884   	0.710000	105.535   	
0.710500	0         	0.710500	105.533   	0.710500	3.44079   	0.710500	105.533   	
0.711000	0         	0.711000	105.531   	0.711000	3.44273   	0.711000	105.531   	
0.711500	0         	0.711500	105.529   	0.711500	3.44467   	0.711500	105.529   	
0.712000	0         	0.712000	105.527   	0.712000	3.44661   	0.712000	105.527   	
0.712500	0         	0.712500	105.525   	0.712500	3.44855   	0.712500	105.525   	
0.713000	0         	0.713000	105.523   	0.713000	3.45049   	0.713000	105.523   	
0.713500	0         	0.713500	105.521   	0.713500	3.45242   	0.713500	105.521   	
0.714000	0         	0.714000	105.519   	0.714000	3.45435   	0.714000	105.519   	
0.714500	0         	0.714500	105.517   	0.714500	3.45628   	0.714500	105.517   	
0.715000	0         	0.715000	105.515   	0.715000	3.45821   	0.715000	105.515   	
0.715500	0         	0.715500	105.514   	0.715500	3.46013   	0.715500	105.514   	
0.716000	0         	0.716000	105.512   	0.716000	3.46206   	0.716000	105.512   	
0.716500	0         	0.716500	105.51    	0.716500	3.46398   	0.716500	105.51    	
0.717000	0         	0.717000	105.508   	0.717000	3.4659    	0.717000	105.508   	
0.717500	0         	0.717500	105.506   	0.717500	3.46781   	0.717500	105.506   	
0.718000	0         	0.718000	105.504   	0.718000	3.46973   	0.718000	105.504   	
0.718500	0         	0.718500	105.502   	0.718500	3.47164   	0.718500	105.502   	
0.719000	0         	0.719000	105.5     	0.719000	3.47355   	0.719000	105.5     	
0.719500	0         	0.719500	105.498   	0.719500	3.47546   	0.719500	105.498   	
0.720000	0         	0.720000	105.496   	0.720000	3.47736   	0.720000	105.496   	
0.720500	0         	0.720500	105.494   	0.720500	3.47927   	0.720500	105.494   	
0.721000	0         	0.721000	105.493   	0.721000	3.48117   	0.721000	105.493   	
0.721500	0         	0.721500	105.491   	0.721500	3.48306   	0.721500	105.491   	
0.722000	0         	0.722000	105.489   	0.722000	3.48496   	0.722000	105.489   	
0.722500	0         	0.722500	105.487   	0.722500	3.48685   	0.722500	105.487   	
0.723000	0         	0.723000	105.485   	0.723000	3.48874   	0.723000	105.485   	
0.723500	0         	0.723500	105.483   	0.723500	3.49063   	0.723500	105.483   	
0.724000	0         	0.724000	105.481   	0.724000	3.49251   	0.724000	105.481   	
0.724500	0         	0.724500	105.479   	0.724500	3.49439   	0.724500	105.479   	
0.725000	0         	0.725000	105.477   	0.725000	3.49627   	0.725000	105.477   	
0.725500	0         	0.725500	105.476   	0.725500	3.49815   	0.725500	105.476   	
0.726000	0         	0.726000	105.474   	0.726000	3.50002   	0.726000	105.474   	
0.726500	0         	0.726500	105.472   	0.726500	3.50189   	0.726500	105.472   	
0.727000	0         	0.727000	105.47    	0.727000	3.50376   	0.727000	105.47    	
0.727500	0         	0.727500	105.468   	0.727500	3.50563   	0.727500	105.468   	
0.728000	0         	0.728000	105.466   	0.728000	3.50748   	0.728000	105.466   	
0.728500	0         	0.728500	105.464   	0.728500	3.50934   	0.728500	105.464   	
0.729000	0         	0.729000	105.463   	0.729000	3.51119   	0.729000	105.463   	
0.729500	0         	0.729500	105.461   	0.729500	3.51304   	0.729500	105.461   	
0.730000	0         	0.730000	105.459   	0.730000	3.51488   	0.730000	105.459   	
0.730500	0         	0.730500	105.457   	0.730500	3.51673   	0.730500	105.457   	
0.731000	0         	0.731000	105.455   	0.731000	3.51857   	0.731000	105.455   	
0.731500	0         	0.731500	105.453   	0.731500	3.5204    	0.731500	105.453   	
0.732000	0         	0.732000	105.451   	0.732000	3.52223   	0.732000	105.451   	
0.732500	0         	0.732500	105.45    	0.732500	3.52406   	0.732500	105.45    	
0.733000	0         	0.733000	105.448   	0.733000	3.52589   	0.733000	105.448   	
0.733500	0         	0.733500	105.446   	0.733500	3.52771   	0.733500	105.446   	
0.734000	0         	0.734000	105.444   	0.734000	3.52953   	0.734000	105.444   	
0.734500	0         	0.734500	105.442   	0.734500	3.53134   	0.734500	105.442   	
0.735000	0         	0.735000	105.441   	0.735000	3.53316   	0.735000	105.441   	
0.735500	0         	0.735500	105.439   	0.735500	3.53496   	0.735500	105.439   	
0.736000	0         	0.736000	105.437   	0.736000	3.53677   	0.736000	105.437   	
0.736500	0         	0.736500	105.435   	0.736500	3.53857   	0.736500	105.435   	
0.737000	0         	0.737000	105.433   	0.737000	3.54037   	0.737000	105.433   	
0.737500	0         	0.737500	105.432   	0.737500	3.54216   	0.737500	105.432   	
0.738000	0         	0.738000	105.43    	0.738000	3.54395   	0.738000	105.43    	
0.738500	0         	0.738500	105.428   	0.738500	3.54573   	0.738500	105.428   	
0.739000	0         	0.739000	105.426   	0.739000	3.54751   	0.739000	105.426   	
0.739500	0         	0.739500	105.424   	0.739500	3.54929   	0.739500	105.424   	
0.740000	0         	0.740000	105.423   	0.740000	3.55106   	0.740000	105.423   	
0.740500	0         	0.740500	105.421   	0.740500	3.55283   	0.740500	105.421   	
0.741000	0         	0.741000	105.419   	0.741000	3.55459   	0.741000	105.419   	
0.741500	0         	0.741500	105.417   	0.741500	3.55635   	0.741500	105.417   	
0.742000	0         	0.742000	105.416   	0.742000	3.5581    	0.742000	105.416   	
0.742500	0         	0.742500	105.414   	0.742500	3.55985   	0.742500	105.414   	
0.743000	0         	0.743000	105.412   	0.743000	3.5616    	0.743000	105.412   	
0.743500	0         	0.743500	105.41    	0.743500	3.56333   	0.743500	105.41    	
0.744000	0         	0.744000	105.409   	0.744000	3.56507   	0.744000	105.409   	
0.744500	0         	0.744500	105.407   	0.744500	3.5668    	0.744500	105.407   	
0.745000	0         	0.745000	105.405   	0.745000	3.56852   	0.745000	105.405   	
0.745500	0         	0.745500	105.403   	0.745500	3.57024   	0.745500	105.403   	
0.746000	0         	0.746000	105.402   	0.746000	3.57196   	0.746000	105.402   	
0.746500	0         	0.746500	105.4     	0.746500	3.57366   	0.746500	105.4     	
0.747000	0         	0.747000	105.398   	0.747000	3.57537   	0.747000	105.398   	
0.747500	0         	0.747500	105.397   	0.747500	3.57706   	0.747500	105.397   	
0.748000	0         	0.748000	105.395   	0.748000	3.57875   	0.748000	105.395   	
0.748500	0         	0.748500	105.393   	0.748500	3.58044   	0.748500	105.393   	
0.749000	0         	0.749000	105.392   	0.749000	3.58211   	0.749000	105.392   	
0.749500	0         	0.749500	105.39    	0.749500	3.58379   	0.749500	105.39    	
0.750000	0         	0.750000	105.388   	0.750000	3.58545   	0.750000	105.388   	
0.750500	0         	0.750500	105.387   	0.750500	3.58711   	0.750500	105.387   	
0.751000	0         	0.751000	105.385   	0.751000	3.58876   	0.751000	105.385   	
0.751500	0         	0.751500	105.383   	0.751500	3.59041   	0.751500	105.383   	
0.752000	0         	0.752000	105.382   	0.752000	3.59205   	0.752000	105.382   	
0.752500	0         	0.752500	105.38    	0.752500	3.59368   	0.752500	105.38    	
0.753000	0         	0.753000	105.378   	0.753000	3.5953    	0.753000	105.378   	
0.753500	0         	0.753500	105.377   	0.753500	3.59692   	0.753500	105.377   	
0.754000	0         	0.754000	105.375   	0.754000	3.59853   	0.754000	105.375   	
0.754500	0         	0.754500	105.374   	0.754500	3.60013   	0.754500	105.374   	
0.755000	0         	0.755000	105.372   	0.755000	3.60172   	0.755000	105.372   	
0.755500	0         	0.755500	105.37    	0.755500	3.60331   	0.755500	105.37    	
0.756000	0         	0.756000	105.369   	0.756000	3.60488   	0.756000	105.369   	
0.756500	0         	0.756500	105.367   	0.756500	3.60645   	0.756500	105.367   	
0.757000	0         	0.757000	105.366   	0.757000	3.60801   	0.757000	105.366   	
0.757500	0         	0.757500	105.364   	0.757500	3.60956   	0.757500	105.364   	
0.758000	0         	0.758000	105.363   	0.758000	3.6111    	0.758000	105.363   	
0.758500	4.23632e-09	0.758500	105.361   	0.758500	3.61263   	0.758500	105.361   	
0.759000	1.88144e-07	0.759000	105.36    	0.759000	3.61415   	0.759000	105.36    	
0.759500	7.69711e-06	0.759500	105.358   	0.759500	3.61566   	0.759500	105.358   	
0.760000	3.50439e-05	0.760000	105.356   	0.760000	3.61774   	0.760000	105.356   	
0.760500	0.00022255	0.760500	105.354   	0.760500	3.61924   	0.760500	105.354   	
0.761000	0.0003896 	0.761000	105.353   	0.761000	3.62073   	0.761000	105.353   	
0.761500	0.000617274	0.761500	105.351   	0.761500	3.62222   	0.761500	105.351   	
0.762000	0.00111275	0.762000	105.349   	0.762000	3.62376   	0.762000	105.35    	
0.762500	0.00169346	0.762500	105.347   	0.762500	3.62539   	0.762500	105.348   	
0.763000	0.00237738	0.763000	105.344   	0.763000	3.62711   	0.763000	105.347   	
0.763500	0.00334887	0.763500	105.341   	0.763500	3.62897   	0.763500	105.345   	
0.764000	0.00470085	0.764000	105.338   	0.764000	3.63108   	0.764000	105.343   	
0.764500	0.00641538	0.764500	105.334   	0.764500	3.6335    	0.764500	105.34    	
0.765000	0.00858101	0.765000	105.329   	0.765000	3.63628   	0.765000	105.337   	
0.765500	0.011323  	0.765500	105.323   	0.765500	3.63958   	0.765500	105.334   	
0.766000	0.0146287 	0.766000	105.315   	0.766000	3.64357   	0.766000	105.33    	
0.766500	0.0186027 	0.766500	105.307   	0.766500	3.64841   	0.766500	105.325   	
0.767000	0.0234627 	0.767000	105.296   	0.767000	3.65433   	0.767000	105.319   	
0.767500	0.0295119 	0.767500	105.283   	0.767500	3.66158   	0.767500	105.312   	
0.768000	0.0368598 	0.768000	105.266   	0.768000	3.67046   	0.768000	105.303   	
0.768500	0.045731  	0.768500	105.247   	0.768500	3.68129   	0.768500	105.292   	
0.769000	0.0564232 	0.769000	105.223   	0.769000	3.69451   	0.769000	105.279   	
0.769500	0.0692921 	0.769500	105.194   	0.769500	3.71065   	0.769500	105.263   	
0.770000	0.0846539 	0.770000	105.159   	0.770000	3.73032   	0.770000	105.243   	
0.770500	0.102858  	0.770500	105.117   	0.770500	3.75419   	0.770500	105.219   	
0.771000	0.12429   	0.771000	105.066   	0.771000	3.78307   	0.771000	105.191   	
0.771500	0.149362  	0.771500	105.006   	0.771500	3.81787   	0.771500	105.156   	
0.772000	0.178522  	0.772000	104.935   	0.772000	3.8598    	0.772000	105.114   	
0.772500	0.21225   	0.772500	104.852   	0.772500	3.90971   	0.772500	105.064   	
0.773000	0.251013  	0.773000	104.753   	0.773000	3.9692    	0.773000	105.004   	
0.773500	0.295273  	0.773500	104.639   	0.773500	4.03958   	0.773500	104.934   	
0.774000	0.345525  	0.774000	104.506   	0.774000	4.12227   	0.774000	104.851   	
0.774500	0.402342  	0.774500	104.352   	0.774500	4.2189    	0.774500	104.755   	
0.775000	0.466176  	0.775000	104.176   	0.775000	4.33124   	0.775000	104.642   	
0.775500	0.537391  	0.775500	103.975   	0.775500	4.46174   	0.775500	104.512   	
0.776000	0.616243  	0.776000	103.746   	0.776000	4.61095   	0.776000	104.363   	
0.776500	0.703599  	0.776500	103.488   	0.776500	4.78188   	0.776500	104.192   	
0.777000	0.799287  	0.777000	103.198   	0.777000	4.97642   	0.777000	103.997   	
0.777500	0.904084  	0.777500	102.873   	0.777500	5.19621   	0.777500	103.777   	
0.778000	1.01776   	0.778000	102.513   	0.778000	5.44303   	0.778000	103.531   	
0.778500	1.1405    	0.778500	102.114   	0.778500	5.71945   	0.778500	103.254   	
0.779000	1.27192   	0.779000	101.676   	0.779000	6.02598   	0.779000	102.948   	
0.779500	1.41207   	0.779500	101.198   	0.779500	6.36396   	0.779500	102.61    	
0.780000	1.56084   	0.780000	100.679   	0.780000	6.7341    	0.780000	102.24    	
0.780500	1.71818   	0.780500	100.119   	0.780500	7.13617   	0.780500	101.838   	
0.781000	1.88366   	0.781000	99.5206   	0.781000	7.56938   	0.781000	101.404   	
0.781500	2.05783   	0.781500	98.882    	0.781500	8.03386   	0.781500	100.94    	
0.782000	2.23997   	0.782000	98.2037   	0.782000	8.52998   	0.782000	100.444   	
0.782500	2.42792   	0.782500	97.4925   	0.782500	9.05325   	0.782500	99.9204   	
0.783000	2.62146   	0.783000	96.7563   	0.783000	9.59588   	0.783000	99.3778   	
0.783500	2.82171   	0.783500	95.9949   	0.783500	10.1571   	0.783500	98.8166   	
0.784000	3.02874   	0.784000	95.2002   	0.784000	10.7448   	0.784000	98.2289   	
0.784500	3.23916   	0.784500	94.4086   	0.784500	11.3259   	0.784500	97.6478   	
0.785000	3.45352   	0.785000	93.6167   	0.785000	11.9034   	0.785000	97.0702   	
0.785500	3.67243   	0.785500	92.8351   	0.785500	12.4662   	0.785500	96.5075   	
0.786000	3.89601   	0.786000	92.0674   	0.786000	13.0103   	0.786000	95.9634   	
0.786500	4.12429   	0.786500	91.3208   	0.786500	13.5286   	0.786500	95.4451   	
0.787000	4.35733   	0.787000	90.6074   	0.787000	14.009    	0.787000	94.9647   	
0.787500	4.59676   	0.787500	89.9354   	0.787500	14.4415   	0.787500	94.5322   	
0.788000	4.84395   	0.788000	89.311    	0.788000	14.8187   	0.788000	94.1549   	
0.788500	5.09979   	0.788500	88.7432   	0.788500	15.1307   	0.788500	93.843    	
0.789000	5.36894   	0.789000	88.2253   	0.789000	15.3794   	0.789000	93.5943   	
0.789500	5.65305   	0.789500	87.7694   	0.789500	15.5513   	0.789500	93.4224   	
0.790000	5.95557   	0.790000	87.3744   	0.790000	15.6437   	0.790000	93.33     	
0.790500	6.28093   	0.790500	87.0346   	0.790500	15.6582   	0.790500	93.3155   	
0.791000	6.63223   	0.791000	86.7416   	0.791000	15.5999   	0.791000	93.3738   	
0.791500	7.00923   	0.791500	86.4872   	0.791500	15.4772   	0.791500	93.4964   	
0.792000	7.41071   	0.792000	86.2575   	0.792000	15.3055   	0.792000	93.6682   	
0.792500	7.85227   	0.792500	86.0164   	0.792500	15.105    	0.792500	93.8687   	
0.793000	8.37674   	0.793000	85.6905   	0.793000	14.9064   	0.793000	94.0673   	
0.793500	8.89932   	0.793500	85.3132   	0.793500	14.7612   	0.793500	94.2125   	
0.794000	9.43493   	0.794000	84.8584   	0.794000	14.6804   	0.794000	94.2933   	
0.794500	10.1195   	0.794500	84.1464   	0.794500	14.7078   	0.794500	94.2659   	
0.795000	10.6701   	0.795000	83.3771   	0.795000	14.9265   	0.795000	94.0472   	
0.795500	11.3327   	0.795500	82.4088   	0.795500	15.2322   	0.795500	93.7415   	
0.796000	11.9814   	0.796000	81.1825   	0.796000	15.8099   	0.796000	93.1638   	
0.796500	12.5967   	0.796500	79.8516   	0.796500	16.5255   	0.796500	92.4482   	
0.797000	13.2841   	0.797000	78.2128   	0.797000	17.4767   	0.797000	91.497    	
0.797500	13.9653   	0.797500	76.2296   	0.797500	18.7788   	0.797500	90.1949   	
0.798000	14.5674   	0.798000	73.7923   	0.798000	20.6139   	0.798000	88.3597   	
0.798500	15.0959   	0.798500	70.7669   	0.798500	23.1109   	0.798500	85.8628   	
0.799000	15.5626   	0.799000	67.1137   	0.799000	26.2974   	0.799000	82.6763   	
0.799500	16.0348   	0.799500	62.6279   	0.799500	30.311    	0.799500	78.6627   	
0.800000	16.4417   	0.800000	57.2289   	0.800000	35.3031   	0.800000	73.6706   	
0.800500	16.6654   	0.800500	50.9319   	0.800500	41.3764   	0.800500	67.5973   	
0.801000	16.6778   	0.801000	43.8046   	0.801000	48.4913   	0.801000	60.4824   	
0.801500	16.4449   	0.801500	36.3912   	0.801500	56.1376   	0.801500	52.8361   	
0.802000	15.9824   	0.802000	29.5615   	0.802000	63.4298   	0.802000	45.5439   	
0.802500	15.2993   	0.802500	23.7301   	0.802500	69.9443   	0.802500	39.0294   	
0.803000	14.4896   	0.803000	18.7883   	0.803000	75.6958   	0.803000	33.2779   	
0.803500	13.5778   	0.803500	14.8583   	0.803500	80.5376   	0.803500	28.4361   	
0.804000	12.3062   	0.804000	3.75968   	0.804000	92.9079   	0.804000	16.0658   	
0.804500	10.8865   	0.804500	1.82161   	0.804500	96.2655   	0.804500	12.7081   	
0.805000	9.33404   	0.805000	1.40225   	0.805000	98.2374   	0.805000	10.7363   	
0.805500	7.83175   	0.805500	0.0228778 	0.805500	101.119   	0.805500	7.85463   	
0.806000	6.42339   	0.806000	0.000870398	0.806000	102.549   	0.806000	6.42426   	
0.806500	4.83509   	0.806500	3.63877e-07	0.806500	104.139   	0.806500	4.83509   	
0.807000	2.99838   	0.807000	0         	0.807000	105.975   	0.807000	2.99838   	
0.807500	3.13836   	0.807500	0         	0.807500	105.835   	0.807500	3.13836   	
0.808000	2.51976   	0.808000	0         	0.808000	106.454   	0.808000	2.51976   	
0.808500	1.5754    	0.808500	0         	0.808500	107.398   	0.808500	1.5754    	
0.809000	1.02525e-06	0.809000	0         	0.809000	108.974   	0.809000	1.02525e-06	
0.809500	0.420663  	0.809500	0         	0.809500	108.553   	0.809500	0.420663  	
0.810000	4.43244e-11	0.810000	0         	0.810000	108.974   	0.810000	4.43244e-11	
0.810500	1.58114e-12	0.810500	0         	0.810500	108.974   	0.810500	1.58114e-12	
0.811000	0.0759536 	0.811000	0         	0.811000	108.898   	0.811000	0.0759536 	
0.811500	0.0416687 	0.811500	0         	0.811500	108.932   	0.811500	0.0416687 	
0.812000	1.25478e-15	0.812000	0         	0.812000	108.974   	0.812000	1.25478e-15	
0.812500	0.000301634	0.812500	0         	0.812500	108.973   	0.812500	0.000301634	
0.813000	0         	0.813000	0         	0.813000	108.974   	0.813000	0         	
0.813500	0         	0.813500	0         	0.813500	108.974   	0.813500	0         	
0.814000	0         	0.814000	0         	0.814000	108.974   	0.814000	0         	
0.814500	0         	0.814500	0         	0.814500	108.974   	0.814500	0         	
0.815000	0         	0.815000	0         	0.815000	108.974   	0.815000	0         	
0.815500	0         	0.815500	0         	0.815500	108.974   	0.815500	0         	
0.816000	0         	0.816000	0         	0.816000	108.974   	0.816000	0         	
0.816500	0         	0.816500	0         	0.816500	108.974   	0.816500	0         	
0.817000	0         	0.817000	0         	0.817000	108.974   	0.817000	0         	
0.817500	0         	0.817500	0         	0.817500	108.974   	0.817500	0         	
0.818000	0         	0.818000	0         	0.818000	108.974   	0.818000	0         	
0.818500	0         	0.818500	0         	0.818500	108.974   	0.818500	0         	
0.819000	0         	0.819000	0         	0.819000	108.974   	0.819000	0         	
0.819500	0         	0.819500	0         	0.819500	108.974   	0.819500	0         	
0.820000	0         	0.820000	0         	0.820000	108.974   	0.820000	0         	
0.820500	0         	0.820500	0         	0.820500	108.974   	0.820500	0         	
0.821000	0         	0.821000	0         	0.821000	108.974   	0.821000	0         	
0.821500	0         	0.821500	0         	0.821500	108.974   	0.821500	0         	
0.822000	0         	0.822000	0         	0.822000	108.974   	0.822000	0         	
0.822500	0         	0.822500	0         	0.822500	108.974   	0.822500	0         	
0.823000	0         	0.823000	0         	0.823000	108.974   	0.823000	0         	
0.823500	0         	0.823500	0         	0.823500	108.974   	0.823500	0         	
0.824000	0         	0.824000	0         	0.824000	108.974   	0.824000	0         	
0.824500	0         	0.824500	0         	0.824500	108.974   	0.824500	0         	
0.825000	0         	0.825000	0         	0.825000	108.974   	0.825000	0         	
0.825500	0         	0.825500	0         	0.825500	108.974   	0.825500	0         	
0.826000	0         	0.826000	0         	0.826000	108.974   	0.826000	0         	
0.826500	0         	0.826500	0         	0.826500	108.974   	0.826500	0         	
0.827000	0         	0.827000	0         	0.827000	108.974   	0.827000	0         	
0.827500	0         	0.827500	0         	0.827500	108.974   	0.827500	0         	
0.828000	0         	0.828000	0         	0.828000	108.974   	0.828000	0         	
0.828500	0         	0.828500	0         	0.828500	108.974   	0.828500	0         	
0.829000	0         	0.829000	0         	0.829000	108.974   	0.829000	0         	
0.829500	0         	0.829500	0         	0.829500	108.974   	0.829500	0         	
0.830000	0         	0.830000	0         	0.830000	108.974   	0.830000	0         	
0.830500	0         	0.830500	0         	0.830500	108.974   	0.830500	0         	
0.831000	0         	0.831000	0         	0.831000	108.974   	0.831000	0         	
0.831500	0         	0.831500	0         	0.831500	108.974   	0.831500	0         	
0.832000	0         	0.832000	0         	0.832000	108.974   	0.832000	0         	
0.832500	0         	0.832500	0         	0.832500	108.974   	0.832500	0         	
0.833000	0         	0.833000	0         	0.833000	108.974   	0.833000	0         	
0.833500	0         	0.833500	0         	0.833500	108.974   	0.833500	0         	
0.834000	0         	0.834000	0         	0.834000	108.974   	0.834000	0         	
0.834500	0         	0.834500	0         	0.834500	108.974   	0.834500	0         	
0.835000	0         	0.835000	0         	0.835000	108.974   	0.835000	0         	
0.835500	0         	0.835500	0         	0.835500	108.974   	0.835500	0         	
0.836000	0         	0.836000	0         	0.836000	108.974   	0.836000	0         	
0.836500	0         	0.836500	0         	0.836500	108.974   	0.836500	0         	
0.837000	0         	0.837000	0         	0.837000	108.974   	0.837000	0         	
0.837500	0         	0.837500	0         	0.837500	108.974   	0.837500	0         	
0.838000	0         	0.838000	0         	0.838000	108.974   	0.838000	0         	
0.838500	0         	0.838500	0         	0.838500	108.974   	0.838500	0         	
0.839000	0         	0.839000	0         	0.839000	108.974   	0.839000	0         	
0.839500	0         	0.839500	0         	0.839500	108.974   	0.839500	0         	
0.840000	0         	0.840000	0         	0.840000	108.974   	0.840000	0         	
0.840500	0         	0.840500	0         	0.840500	108.974   	0.840500	0         	
0.841000	0         	0.841000	0         	0.841000	108.974   	0.841000	0         	
0.841500	0         	0.841500	0         	0.841500	108.974   	0.841500	0         	
0.842000	0         	0.842000	0         	0.842000	108.974   	0.842000	0         	
0.842500	0         	0.842500	0         	0.842500	108.974   	0.842500	0         	
0.843000	0         	0.843000	0         	0.843000	108.974   	0.843000	0         	
0.843500	0         	0.843500	0         	0.843500	108.974   	0.843500	0         	
0.844000	0         	0.844000	0         	0.844000	108.974   	0.844000	0         	
0.844500	0         	0.844500	0         	0.844500	108.974   	0.844500	0         	
0.845000	0         	0.845000	0         	0.845000	108.974   	0.845000	0         	
0.845500	0         	0.845500	0         	0.845500	108.974   	0.845500	0         	
0.846000	0         	0.846000	0         	0.846000	108.974   	0.846000	0         	
0.846500	0         	0.846500	0         	0.846500	108.974   	0.846500	0         	
0.847000	0         	0.847000	0         	0.847000	108.974   	0.847000	0         	
0.847500	0         	0.847500	0         	0.847500	108.974   	0.847500	0         	
0.848000	0         	0.848000	0         	0.848000	108.974   	0.848000	0         	
0.848500	0         	0.848500	0         	0.848500	108.974   	0.848500	0         	
0.849000	0         	0.849000	0         	0.849000	108.974   	0.849000	0         	
0.849500	0         	0.849500	0         	0.849500	108.974   	0.849500	0         	
0.850000	0         	0.850000	0         	0.850000	108.974   	0.850000	0         	
0.850500	0         	0.850500	0         	0.850500	108.974   	0.850500	0         	
0.851000	0         	0.851000	0         	0.851000	108.974   	0.851000	0         	
0.851500	0         	0.851500	0         	0.851500	108.974   	0.851500	0         	
0.852000	0         	0.852000	0         	0.852000	108.974   	0.852000	0         	
0.852500	0         	0.852500	0         	0.852500	108.974   	0.852500	0         	
0.853000	0         	0.853000	0         	0.853000	108.974   	0.853000	0         	
0.853500	0         	0.853500	0         	0.853500	108.974   	0.853500	0         	
0.854000	0         	0.854000	0         	0.854000	108.974   	0.854000	0         	
0.854500	0         	0.854500	0         	0.854500	108.974   	0.854500	0         	
0.855000	0         	0.855000	0         	0.855000	108.974   	0.855000	0         	
0.855500	0         	0.855500	0         	0.855500	108.974   	0.855500	0         	
0.856000	0         	0.856000	0         	0.856000	108.974   	0.856000	0         	
0.856500	0         	0.856500	0         	0.856500	108.974   	0.856500	0         	
0.857000	0         	0.857000	0         	0.857000	108.974   	0.857000	0         	
0.857500	0         	0.857500	0         	0.857500	108.974   	0.857500	0         	
0.858000	0         	0.858000	0         	0.858000	108.974   	0.858000	0         	
0.858500	0         	0.858500	0         	0.858500	108.974   	0.858500	0         	
0.859000	0         	0.859000	0         	0.859000	108.974   	0.859000	0         	
0.859500	0         	0.859500	0         	0.859500	108.974   	0.859500	0         	
0.860000	0         	0.860000	0         	0.860000	108.974   	0.860000	0         	
0.860500	0         	0.860500	0         	0.860500	108.974   	0.860500	0         	
0.861000	0         	0.861000	0         	0.861000	108.974   	0.861000	0         	
0.861500	0         	0.861500	0         	0.861500	108.974   	0.861500	0         	
0.862000	0         	0.862000	0         	0.862000	108.974   	0.862000	0         	
0.862500	0         	0.862500	0         	0.862500	108.974   	0.862500	0         	
0.863000	0         	0.863000	0         	0.863000	108.974   	0.863000	0         	
0.863500	0         	0.863500	0         	0.863500	108.974   	0.863500	0         	
0.864000	0         	0.864000	0         	0.864000	108.974   	0.864000	0         	
0.864500	0         	0.864500	0         	0.864500	108.974   	0.864500	0         	
0.865000	0         	0.865000	0         	0.865000	108.974   	0.865000	0         	
0.865500	0         	0.865500	0         	0.865500	108.974   	0.865500	0         	
0.866000	0         	0.866000	0         	0.866000	108.974   	0.866000	0         	
0.866500	0         	0.866500	0         	0.866500	108.974   	0.866500	0         	
0.867000	0         	0.867000	0         	0.867000	108.974   	0.867000	0         	
0.867500	0         	0.867500	0         	0.867500	108.974   	0.867500	0         	
0.868000	0         	0.868000	0         	0.868000	108.974   	0.868000	0         	
0.868500	0         	0.868500	0         	0.868500	108.974   	0.868500	0         	
0.869000	0         	0.869000	0         	0.869000	108.974   	0.869000	0         	
0.869500	0         	0.869500	0         	0.869500	108.974   	0.869500	0         	
0.870000	0         	0.870000	0         	0.870000	108.974   	0.870000	0         	
0.870500	0         	0.870500	0         	0.870500	108.974   	0.870500	0         	
0.871000	0         	0.871000	0         	0.871000	108.974   	0.871000	0         	
0.871500	0         	0.871500	0         	0.871500	108.974   	0.871500	0         	
0.872000	0         	0.872000	0         	0.872000	108.974   	0.872000	0         	
0.872500	0         	0.872500	0         	0.872500	108.974   	0.872500	0         	
0.873000	0         	0.873000	0         	0.873000	108.974   	0.873000	0         	
0.873500	0         	0.873500	0         	0.873500	108.974   	0.873500	0         	
0.874000	0         	0.874000	0         	0.874000	108.974   	0.874000	0         	
0.874500	0         	0.874500	0         	0.874500	108.974   	0.874500	0         	
0.875000	0         	0.875000	0         	0.875000	108.974   	0.875000	0         	
0.875500	0         	0.875500	0         	0.875500	108.974   	0.875500	0         	
0.876000	0         	0.876000	0         	0.876000	108.974   	0.876000	0         	
0.876500	0         	0.876500	0         	0.876500	108.974   	0.876500	0         	
0.877000	0         	0.877000	0         	0.877000	108.974   	0.877000	0         	
0.877500	0         	0.877500	0         	0.877500	108.974   	0.877500	0         	
0.878000	0         	0.878000	0         	0.878000	108.974   	0.878000	0         	
0.878500	0         	0.878500	0         	0.878500	108.974   	0.878500	0         	
0.879000	0         	0.879000	0         	0.879000	108.974   	0.879000	0         	
0.879500	0         	0.879500	0         	0.879500	108.974   	0.879500	0         	
0.880000	0         	0.880000	0         	0.880000	108.974   	0.880000	0         	
0.880500	0         	0.880500	0         	0.880500	108.974   	0.880500	0         	
0.881000	0         	0.881000	0         	0.881000	108.974   	0.881000	0         	
0.881500	0         	0.881500	0         	0.881500	108.974   	0.881500	0         	
0.882000	0         	0.882000	0         	0.882000	108.974   	0.882000	0         	
0.882500	0         	0.882500	0         	0.882500	108.974   	0.882500	0         	
0.883000	0         	0.883000	0         	0.883000	108.974   	0.883000	0         	
0.883500	0         	0.883500	0         	0.883500	108.974   	0.883500	0         	
0.884000	0         	0.884000	0         	0.884000	108.974   	0.884000	0         	
0.884500	0         	0.884500	0         	0.884500	108.974   	0.884500	0         	
0.885000	0         	0.885000	0         	0.885000	108.974   	0.885000	0         	
0.885500	0         	0.885500	0         	0.885500	108.974   	0.885500	0         	
0.886000	0         	0.886000	0         	0.886000	108.974   	0.886000	0         	
0.886500	0         	0.886500	0         	0.886500	108.974   	0.886500	0         	
0.887000	0         	0.887000	0         	0.887000	108.974   	0.887000	0         	
0.887500	0         	0.887500	0         	0.887500	108.974   	0.887500	0         	
0.888000	0         	0.888000	0         	0.888000	108.974   	0.888000	0         	
0.888500	0         	0.888500	0         	0.888500	108.974   	0.888500	0         	
0.889000	0         	0.889000	0         	0.889000	108.974   	0.889000	0         	
0.889500	0         	0.889500	0         	0.889500	108.974   	0.889500	0         	
0.890000	0         	0.890000	0         	0.890000	108.974   	0.890000	0         	
0.890500	0         	0.890500	0         	0.890500	108.974   	0.890500	0         	
0.891000	0         	0.891000	0         	0.891000	108.974   	0.891000	0         	
0.891500	0         	0.891500	0         	0.891500	108.974   	0.891500	0         	
0.892000	0         	0.892000	0         	0.892000	108.974   	0.892000	0         	
0.892500	0         	0.892500	0         	0.892500	108.974   	0.892500	0         	
0.893000	0         	0.893000	0         	0.893000	108.974   	0.893000	0         	
0.893500	0         	0.893500	0         	0.893500	108.974   	0.893500	0         	
0.894000	0         	0.894000	0         	0.894000	108.974   	0.894000	0         	
0.894500	0         	0.894500	0         	0.894500	108.974   	0.894500	0         	
0.895000	0         	0.895000	0         	0.895000	108.974   	0.895000	0         	
0.895500	0         	0.895500	0         	0.895500	108.974   	0.895500	0         	
0.896000	0         	0.896000	0         	0.896000	108.974   	0.896000	0         	
0.896500	0         	0.896500	0         	0.896500	108.974   	0.896500	0         	
0.897000	0         	0.897000	0         	0.897000	108.974   	0.897000	0         	
0.897500	0         	0.897500	0         	0.897500	108.974   	0.897500	0         	
0.898000	0         	0.898000	0         	0.898000	108.974   	0.898000	0         	
0.898500	0         	0.898500	0         	0.898500	108.974   	0.898500	0         	
0.899000	0         	0.899000	0         	0.899000	108.974   	0.899000	0         	
0.899500	0         	0.899500	0         	0.899500	108.974   	0.899500	0         	
0.900000	0         	0.900000	0         	0.900000	108.974   	0.900000	0         	
0.900500	0         	0.900500	0         	0.900500	108.974   	0.900500	0         	
0.901000	0         	0.901000	0         	0.901000	108.974   	0.901000	0         	
0.901500	0         	0.901500	0         	0.901500	108.974   	0.901500	0         	
0.902000	0         	0.902000	0         	0.902000	108.974   	0.902000	0         	
0.902500	0         	0.902500	0         	0.902500	108.974   	0.902500	0         	
0.903000	0         	0.903000	0         	0.903000	108.974   	0.903000	0         	
0.903500	0         	0.903500	0         	0.903500	108.974   	0.903500	0         	
0.904000	0         	0.904000	0         	0.904000	108.974   	0.904000	0         	
0.904500	0         	0.904500	0         	0.904500	108.974   	0.904500	0         	
0.905000	0         	0.905000	0         	0.905000	108.974   	0.905000	0         	
0.905500	0         	0.905500	0         	0.905500	108.974   	0.905500	0         	
0.906000	0         	0.906000	0         	0.906000	108.974   	0.906000	0         	
0.906500	0         	0.906500	0         	0.906500	108.974   	0.906500	0         	
0.907000	0         	0.907000	0         	0.907000	108.974   	0.907000	0         	
0.907500	0         	0.907500	0         	0.907500	108.974   	0.907500	0         	
0.908000	0         	0.908000	0         	0.908000	108.974   	0.908000	0         	
0.908500	0         	0.908500	0         	0.908500	108.974   	0.908500	0         	
0.909000	0         	0.909000	0         	0.909000	108.974   	0.909000	0         	
0.909500	0         	0.909500	0         	0.909500	108.974   	0.909500	0         	
0.910000	0         	0.910000	0         	0.910000	108.974   	0.910000	0         	
0.910500	0         	0.910500	0         	0.910500	108.974   	0.910500	0         	
0.911000	0         	0.911000	0         	0.911000	108.974   	0.911000	0         	
0.911500	0         	0.911500	0         	0.911500	108.974   	0.911500	0         	
0.912000	0         	0.912000	0         	0.912000	108.974   	0.912000	0         	
0.912500	0         	0.912500	0         	0.912500	108.974   	0.912500	0         	
0.913000	0         	0.913000	0         	0.913000	108.974   	0.913000	0         	
0.913500	0         	0.913500	0         	0.913500	108.974   	0.913500	0         	
0.914000	0         	0.914000	0         	0.914000	108.974   	0.914000	0         	
0.914500	0         	0.914500	0         	0.914500	108.974   	0.914500	0         	
0.915000	0         	0.915000	0         	0.915000	108.974   	0.915000	0         	
0.915500	0         	0.915500	0         	0.915500	108.974   	0.915500	0         	
0.916000	0         	0.916000	0         	0.916000	108.974   	0.916000	0         	
0.916500	0         	0.916500	0         	0.916500	108.974   	0.916500	0         	
0.917000	0         	0.917000	0         	0.917000	108.974   	0.917000	0         	
0.917500	0         	0.917500	0         	0.917500	108.974   	0.917500	0         	
0.918000	0         	0.918000	0         	0.918000	108.974   	0.918000	0         	
0.918500	0         	0.918500	0         	0.918500	108.974   	0.918500	0         	
0.919000	0         	0.919000	0         	0.919000	108.974   	0.919000	0         	
0.919500	0         	0.919500	0         	0.919500	108.974   	0.919500	0         	
0.920000	0         	0.920000	0         	0.920000	108.974   	0.920000	0         	
0.920500	0         	0.920500	0         	0.920500	108.974   	0.920500	0         	
0.921000	0         	0.921000	0         	0.921000	108.974   	0.921000	0         	
0.921500	0         	0.921500	0         	0.921500	108.974   	0.921500	0         	
0.922000	0         	0.922000	0         	0.922000	108.974   	0.922000	0         	
0.922500	0         	0.922500	0         	0.922500	108.974   	0.922500	0         	
0.923000	0         	0.923000	0         	0.923000	108.974   	0.923000	0         	
0.923500	0         	0.923500	0         	0.923500	108.974   	0.923500	0         	
0.924000	0         	0.924000	0         	0.924000	108.974   	0.924000	0         	
0.924500	0         	0.924500	0         	0.924500	108.974   	0.924500	0         	
0.925000	0         	0.925000	0         	0.925000	108.974   	0.925000	0         	
0.925500	0         	0.925500	0         	0.925500	108.974   	0.925500	0         	
0.926000	0         	0.926000	0         	0.926000	108.974   	0.926000	0         	
0.926500	0         	0.926500	0         	0.926500	108.974   	0.926500	0         	
0.927000	0         	0.927000	0         	0.927000	108.974   	0.927000	0         	
0.927500	0         	0.927500	0         	0.927500	108.974   	0.927500	0         	
0.928000	0         	0.928000	0         	0.928000	108.974   	0.928000	0         	
0.928500	0         	0.928500	0         	0.928500	108.974   	0.928500	0         	
0.929000	0         	0.929000	0         	0.929000	108.974   	0.929000	0         	
0.929500	0         	0.929500	0         	0.929500	108.974   	0.929500	0         	
0.930000	0         	0.930000	0         	0.930000	108.974   	0.930000	0         	
0.930500	0         	0.930500	0         	0.930500	108.974   	0.930500	0         	
0.931000	0         	0.931000	0         	0.931000	108.974   	0.931000	0         	
0.931500	0         	0.931500	0         	0.931500	108.974   	0.931500	0         	
0.932000	0         	0.932000	0         	0.932000	108.974   	0.932000	0         	
0.932500	0         	0.932500	0         	0.932500	108.974   	0.932500	0         	
0.933000	0         	0.933000	0         	0.933000	108.974   	0.933000	0         	
0.933500	0         	0.933500	0         	0.933500	108.974   	0.933500	0         	
0.934000	0         	0.934000	0         	0.934000	108.974   	0.934000	0         	
0.934500	0         	0.934500	0         	0.934500	108.974   	0.934500	0         	
0.935000	0         	0.935000	0         	0.935000	108.974   	0.935000	0         	
0.935500	0         	0.935500	0         	0.935500	108.974   	0.935500	0         	
0.936000	0         	0.936000	0         	0.936000	108.974   	0.936000	0         	
0.936500	0         	0.936500	0         	0.936500	108.974   	0.936500	0         	
0.937000	0         	0.937000	0         	0.937000	108.974   	0.937000	0         	
0.937500	0         	0.937500	0         	0.937500	108.974   	0.937500	0         	
0.938000	0         	0.938000	0         	0.938000	108.974   	0.938000	0         	
0.938500	0         	0.938500	0         	0.938500	108.974   	0.938500	0         	
0.939000	0         	0.939000	0         	0.939000	108.974   	0.939000	0         	
0.939500	0         	0.939500	0         	0.939500	108.974   	0.939500	0         	
0.940000	0         	0.940000	0         	0.940000	108.974   	0.940000	0         	
0.940500	0         	0.940500	0         	0.940500	108.974   	0.940500	0         	
0.941000	0         	0.941000	0         	0.941000	108.974   	0.941000	0         	
0.941500	0         	0.941500	0         	0.941500	108.974   	0.941500	0         	
0.942000	0         	0.942000	0         	0.942000	108.974   	0.942000	0         	
0.942500	0         	0.942500	0         	0.942500	108.974   	0.942500	0         	
0.943000	0         	0.943000	0         	0.943000	108.974   	0.943000	0         	
0.943500	0         	0.943500	0         	0.943500	108.974   	0.943500	0         	
0.944000	0         	0.944000	0         	0.944000	108.974   	0.944000	0         	
0.944500	0         	0.944500	0         	0.944500	108.974   	0.944500	0         	
0.945000	0         	0.945000	0         	0.945000	108.974   	0.945000	0         	
0.945500	0         	0.945500	0         	0.945500	108.974   	0.945500	0         	
0.946000	0         	0.946000	0         	0.946000	108.974   	0.946000	0         	
0.946500	0         	0.946500	0         	0.946500	108.974   	0.946500	0         	
0.947000	0         	0.947000	0         	0.947000	108.974   	0.947000	0         	
0.947500	0         	0.947500	0         	0.947500	108.974   	0.947500	0         	
0.948000	0         	0.948000	0         	0.948000	108.974   	0.948000	0         	
0.948500	0         	0.948500	0         	0.948500	108.974   	0.948500	0         	
0.949000	0         	0.949000	0         	0.949000	108.974   	0.949000	0         	
0.949500	0         	0.949500	0         	0.949500	108.974   	0.949500	0         	
0.950000	0         	0.950000	0         	0.950000	108.974   	0.950000	0         	
0.950500	0         	0.950500	0         	0.950500	108.974   	0.950500	0         	
0.951000	0         	0.951000	0         	0.951000	108.974   	0.951000	0         	
0.951500	0         	0.951500	0         	0.951500	108.974   	0.951500	0         	
0.952000	0         	0.952000	0         	0.952000	108.974   	0.952000	0         	
0.952500	0         	0.952500	0         	0.952500	108.974   	0.952500	0         	
0.953000	0         	0.953000	0         	0.953000	108.974   	0.953000	0         	
0.953500	0         	0.953500	0         	0.953500	108.974   	0.953500	0         	
0.954000	0         	0.954000	0         	0.954000	108.974   	0.954000	0         	
0.954500	0         	0.954500	0         	0.954500	108.974   	0.954500	0         	
0.955000	0         	0.955000	0         	0.955000	108.974   	0.955000	0         	
0.955500	0         	0.955500	0         	0.955500	108.974   	0.955500	0         	
0.956000	0         	0.956000	0         	0.956000	108.974   	0.956000	0         	
0.956500	0         	0.956500	0         	0.956500	108.974   	0.956500	0         	
0.957000	0         	0.957000	0         	0.957000	108.974   	0.957000	0         	
0.957500	0         	0.957500	0         	0.957500	108.974   	0.957500	0         	
0.958000	0         	0.958000	0         	0.958000	108.974   	0.958000	0         	
0.958500	0         	0.958500	0         	0.958500	108.974   	0.958500	0         	
0.959000	0         	0.959000	0         	0.959000	108.974   	0.959000	0         	
0.959500	0         	0.959500	0         	0.959500	108.974   	0.959500	0         	
0.960000	0         	0.960000	0         	0.960000	108.974   	0.960000	0         	
