Thickness of SUS flat deg [mm]1	(B-C) stopped in THIS detector	Thickness of SUS flat deg [mm]2	(C)   yield after THIS detector 	Thickness of SUS flat deg [mm]3	(A-B) stopped before THIS detector	Thickness of SUS flat deg [mm]4	(B)   yield before THIS detector	
1.900000	0         	1.900000	3.41817   	1.900000	0.292645  	1.900000	3.41817   	
1.901000	0         	1.901000	3.41803   	1.901000	0.292785  	1.901000	3.41803   	
1.902000	0         	1.902000	3.41789   	1.902000	0.292925  	1.902000	3.41789   	
1.903000	0         	1.903000	3.41775   	1.903000	0.293065  	1.903000	3.41775   	
1.904000	0         	1.904000	3.41761   	1.904000	0.293205  	1.904000	3.41761   	
1.905000	0         	1.905000	3.41747   	1.905000	0.293345  	1.905000	3.41747   	
1.906000	0         	1.906000	3.41733   	1.906000	0.293485  	1.906000	3.41733   	
1.907000	0         	1.907000	3.41719   	1.907000	0.293625  	1.907000	3.41719   	
1.908000	0         	1.908000	3.41705   	1.908000	0.293765  	1.908000	3.41705   	
1.909000	0         	1.909000	3.41691   	1.909000	0.293905  	1.909000	3.41691   	
1.910000	0         	1.910000	3.41677   	1.910000	0.294045  	1.910000	3.41677   	
1.911000	0         	1.911000	3.41663   	1.911000	0.294185  	1.911000	3.41663   	
1.912000	0         	1.912000	3.41649   	1.912000	0.294325  	1.912000	3.41649   	
1.913000	0         	1.913000	3.41636   	1.913000	0.294464  	1.913000	3.41636   	
1.914000	0         	1.914000	3.41622   	1.914000	0.294604  	1.914000	3.41622   	
1.915000	0         	1.915000	3.41608   	1.915000	0.294744  	1.915000	3.41608   	
1.916000	0         	1.916000	3.41594   	1.916000	0.294883  	1.916000	3.41594   	
1.917000	0         	1.917000	3.4158    	1.917000	0.295023  	1.917000	3.4158    	
1.918000	0         	1.918000	3.41566   	1.918000	0.295162  	1.918000	3.41566   	
1.919000	0         	1.919000	3.41552   	1.919000	0.295302  	1.919000	3.41552   	
1.920000	0         	1.920000	3.41538   	1.920000	0.295441  	1.920000	3.41538   	
1.921000	0         	1.921000	3.41524   	1.921000	0.29558   	1.921000	3.41524   	
1.922000	0         	1.922000	3.4151    	1.922000	0.29572   	1.922000	3.4151    	
1.923000	0         	1.923000	3.41496   	1.923000	0.295859  	1.923000	3.41496   	
1.924000	0         	1.924000	3.41482   	1.924000	0.295998  	1.924000	3.41482   	
1.925000	0         	1.925000	3.41468   	1.925000	0.296138  	1.925000	3.41468   	
1.926000	0         	1.926000	3.41454   	1.926000	0.296277  	1.926000	3.41454   	
1.927000	0         	1.927000	3.4144    	1.927000	0.296416  	1.927000	3.4144    	
1.928000	0         	1.928000	3.41426   	1.928000	0.296555  	1.928000	3.41426   	
1.929000	0         	1.929000	3.41413   	1.929000	0.296694  	1.929000	3.41413   	
1.930000	0         	1.930000	3.41399   	1.930000	0.296833  	1.930000	3.41399   	
1.931000	0         	1.931000	3.41385   	1.931000	0.296972  	1.931000	3.41385   	
1.932000	0         	1.932000	3.41371   	1.932000	0.297111  	1.932000	3.41371   	
1.933000	0         	1.933000	3.41357   	1.933000	0.29725   	1.933000	3.41357   	
1.934000	0         	1.934000	3.41343   	1.934000	0.297389  	1.934000	3.41343   	
1.935000	0         	1.935000	3.41329   	1.935000	0.297528  	1.935000	3.41329   	
1.936000	0         	1.936000	3.41315   	1.936000	0.297667  	1.936000	3.41315   	
1.937000	0         	1.937000	3.41301   	1.937000	0.297806  	1.937000	3.41301   	
1.938000	0         	1.938000	3.41287   	1.938000	0.297945  	1.938000	3.41287   	
1.939000	0         	1.939000	3.41274   	1.939000	0.298083  	1.939000	3.41274   	
1.940000	0         	1.940000	3.4126    	1.940000	0.298222  	1.940000	3.4126    	
1.941000	0         	1.941000	3.41246   	1.941000	0.29836   	1.941000	3.41246   	
1.942000	0         	1.942000	3.41232   	1.942000	0.298498  	1.942000	3.41232   	
1.943000	0         	1.943000	3.41218   	1.943000	0.298636  	1.943000	3.41218   	
1.944000	0         	1.944000	3.41205   	1.944000	0.298773  	1.944000	3.41205   	
1.945000	0         	1.945000	3.41191   	1.945000	0.29891   	1.945000	3.41191   	
1.946000	0         	1.946000	3.41177   	1.946000	0.299046  	1.946000	3.41177   	
1.947000	0         	1.947000	3.41164   	1.947000	0.299183  	1.947000	3.41164   	
1.948000	0         	1.948000	3.4115    	1.948000	0.29932   	1.948000	3.4115    	
1.949000	0         	1.949000	3.41136   	1.949000	0.299456  	1.949000	3.41136   	
1.950000	0         	1.950000	3.41123   	1.950000	0.299593  	1.950000	3.41123   	
1.951000	0         	1.951000	3.41109   	1.951000	0.299729  	1.951000	3.41109   	
1.952000	0         	1.952000	3.41095   	1.952000	0.299866  	1.952000	3.41095   	
1.953000	0         	1.953000	3.41082   	1.953000	0.300002  	1.953000	3.41082   	
1.954000	0         	1.954000	3.41068   	1.954000	0.300139  	1.954000	3.41068   	
1.955000	0         	1.955000	3.41054   	1.955000	0.300275  	1.955000	3.41054   	
1.956000	0         	1.956000	3.41041   	1.956000	0.300411  	1.956000	3.41041   	
1.957000	0         	1.957000	3.41027   	1.957000	0.300547  	1.957000	3.41027   	
1.958000	0         	1.958000	3.41014   	1.958000	0.300683  	1.958000	3.41014   	
1.959000	0         	1.959000	3.41      	1.959000	0.300819  	1.959000	3.41      	
1.960000	0         	1.960000	3.40986   	1.960000	0.300955  	1.960000	3.40986   	
1.961000	0         	1.961000	3.40973   	1.961000	0.301091  	1.961000	3.40973   	
1.962000	0         	1.962000	3.40959   	1.962000	0.301227  	1.962000	3.40959   	
1.963000	0         	1.963000	3.40946   	1.963000	0.301363  	1.963000	3.40946   	
1.964000	0         	1.964000	3.40932   	1.964000	0.301498  	1.964000	3.40932   	
1.965000	0         	1.965000	3.40919   	1.965000	0.301634  	1.965000	3.40919   	
1.966000	0         	1.966000	3.40905   	1.966000	0.301769  	1.966000	3.40905   	
1.967000	0         	1.967000	3.40891   	1.967000	0.301905  	1.967000	3.40891   	
1.968000	0         	1.968000	3.40878   	1.968000	0.30204   	1.968000	3.40878   	
1.969000	0         	1.969000	3.40864   	1.969000	0.302176  	1.969000	3.40864   	
1.970000	0         	1.970000	3.40851   	1.970000	0.302311  	1.970000	3.40851   	
1.971000	0         	1.971000	3.40837   	1.971000	0.302446  	1.971000	3.40837   	
1.972000	0         	1.972000	3.40824   	1.972000	0.302581  	1.972000	3.40824   	
1.973000	0         	1.973000	3.4081    	1.973000	0.302716  	1.973000	3.4081    	
1.974000	0         	1.974000	3.40797   	1.974000	0.302851  	1.974000	3.40797   	
1.975000	0         	1.975000	3.40783   	1.975000	0.302986  	1.975000	3.40783   	
1.976000	0         	1.976000	3.4077    	1.976000	0.303121  	1.976000	3.4077    	
1.977000	0         	1.977000	3.40756   	1.977000	0.303256  	1.977000	3.40756   	
1.978000	0         	1.978000	3.40743   	1.978000	0.30339   	1.978000	3.40743   	
1.979000	0         	1.979000	3.40729   	1.979000	0.303525  	1.979000	3.40729   	
1.980000	0         	1.980000	3.40716   	1.980000	0.303659  	1.980000	3.40716   	
1.981000	0         	1.981000	3.40703   	1.981000	0.303794  	1.981000	3.40703   	
1.982000	0         	1.982000	3.40689   	1.982000	0.303928  	1.982000	3.40689   	
1.983000	0         	1.983000	3.40676   	1.983000	0.304062  	1.983000	3.40676   	
1.984000	0         	1.984000	3.40662   	1.984000	0.304196  	1.984000	3.40662   	
1.985000	0         	1.985000	3.40649   	1.985000	0.30433   	1.985000	3.40649   	
1.986000	0         	1.986000	3.40636   	1.986000	0.304464  	1.986000	3.40636   	
1.987000	0         	1.987000	3.40622   	1.987000	0.304597  	1.987000	3.40622   	
1.988000	0         	1.988000	3.40609   	1.988000	0.304731  	1.988000	3.40609   	
1.989000	0         	1.989000	3.40595   	1.989000	0.304865  	1.989000	3.40595   	
1.990000	0         	1.990000	3.40582   	1.990000	0.304998  	1.990000	3.40582   	
1.991000	0         	1.991000	3.40569   	1.991000	0.305131  	1.991000	3.40569   	
1.992000	0         	1.992000	3.40556   	1.992000	0.305264  	1.992000	3.40556   	
1.993000	0         	1.993000	3.40542   	1.993000	0.305397  	1.993000	3.40542   	
1.994000	0         	1.994000	3.40529   	1.994000	0.30553   	1.994000	3.40529   	
1.995000	0         	1.995000	3.40516   	1.995000	0.305663  	1.995000	3.40516   	
1.996000	0         	1.996000	3.40502   	1.996000	0.305796  	1.996000	3.40502   	
1.997000	0         	1.997000	3.40489   	1.997000	0.305929  	1.997000	3.40489   	
1.998000	0         	1.998000	3.40476   	1.998000	0.306061  	1.998000	3.40476   	
1.999000	0         	1.999000	3.40463   	1.999000	0.306194  	1.999000	3.40463   	
2.000000	0         	2.000000	3.40449   	2.000000	0.306326  	2.000000	3.40449   	
2.001000	0         	2.001000	3.40436   	2.001000	0.306458  	2.001000	3.40436   	
2.002000	0         	2.002000	3.40423   	2.002000	0.30659   	2.002000	3.40423   	
2.003000	0         	2.003000	3.4041    	2.003000	0.306722  	2.003000	3.4041    	
2.004000	0         	2.004000	3.40397   	2.004000	0.306854  	2.004000	3.40397   	
2.005000	0         	2.005000	3.40383   	2.005000	0.306985  	2.005000	3.40383   	
2.006000	0         	2.006000	3.4037    	2.006000	0.307117  	2.006000	3.4037    	
2.007000	0         	2.007000	3.40357   	2.007000	0.307248  	2.007000	3.40357   	
2.008000	0         	2.008000	3.40344   	2.008000	0.307379  	2.008000	3.40344   	
2.009000	0         	2.009000	3.40331   	2.009000	0.307511  	2.009000	3.40331   	
2.010000	0         	2.010000	3.40318   	2.010000	0.307641  	2.010000	3.40318   	
2.011000	0         	2.011000	3.40305   	2.011000	0.307772  	2.011000	3.40305   	
2.012000	0         	2.012000	3.40292   	2.012000	0.307902  	2.012000	3.40292   	
2.013000	0         	2.013000	3.40279   	2.013000	0.308032  	2.013000	3.40279   	
2.014000	0         	2.014000	3.40266   	2.014000	0.308162  	2.014000	3.40266   	
2.015000	0         	2.015000	3.40253   	2.015000	0.308292  	2.015000	3.40253   	
2.016000	0         	2.016000	3.4024    	2.016000	0.30842   	2.016000	3.4024    	
2.017000	0         	2.017000	3.40227   	2.017000	0.308548  	2.017000	3.40227   	
2.018000	0         	2.018000	3.40214   	2.018000	0.308676  	2.018000	3.40214   	
2.019000	0         	2.019000	3.40202   	2.019000	0.308804  	2.019000	3.40202   	
2.020000	0         	2.020000	3.40189   	2.020000	0.308932  	2.020000	3.40189   	
2.021000	0         	2.021000	3.40176   	2.021000	0.309059  	2.021000	3.40176   	
2.022000	0         	2.022000	3.40163   	2.022000	0.309186  	2.022000	3.40163   	
2.023000	0         	2.023000	3.40151   	2.023000	0.309313  	2.023000	3.40151   	
2.024000	0         	2.024000	3.40138   	2.024000	0.30944   	2.024000	3.40138   	
2.025000	0         	2.025000	3.40125   	2.025000	0.309566  	2.025000	3.40125   	
2.026000	0         	2.026000	3.40113   	2.026000	0.309693  	2.026000	3.40113   	
2.027000	0         	2.027000	3.401     	2.027000	0.309819  	2.027000	3.401     	
2.028000	0         	2.028000	3.40088   	2.028000	0.309944  	2.028000	3.40088   	
2.029000	0         	2.029000	3.40075   	2.029000	0.31007   	2.029000	3.40075   	
2.030000	0         	2.030000	3.40062   	2.030000	0.310195  	2.030000	3.40062   	
2.031000	0         	2.031000	3.4005    	2.031000	0.31032   	2.031000	3.4005    	
2.032000	0         	2.032000	3.40037   	2.032000	0.310445  	2.032000	3.40037   	
2.033000	0         	2.033000	3.40025   	2.033000	0.31057   	2.033000	3.40025   	
2.034000	0         	2.034000	3.40013   	2.034000	0.310694  	2.034000	3.40013   	
2.035000	0         	2.035000	3.4       	2.035000	0.310818  	2.035000	3.4       	
2.036000	0         	2.036000	3.39988   	2.036000	0.310942  	2.036000	3.39988   	
2.037000	0         	2.037000	3.39975   	2.037000	0.311065  	2.037000	3.39975   	
2.038000	0         	2.038000	3.39963   	2.038000	0.311188  	2.038000	3.39963   	
2.039000	0         	2.039000	3.39951   	2.039000	0.311311  	2.039000	3.39951   	
2.040000	0         	2.040000	3.39939   	2.040000	0.311433  	2.040000	3.39939   	
2.041000	0         	2.041000	3.39926   	2.041000	0.311555  	2.041000	3.39926   	
2.042000	0         	2.042000	3.39914   	2.042000	0.311677  	2.042000	3.39914   	
2.043000	0         	2.043000	3.39902   	2.043000	0.311798  	2.043000	3.39902   	
2.044000	0         	2.044000	3.3989    	2.044000	0.311919  	2.044000	3.3989    	
2.045000	0         	2.045000	3.39878   	2.045000	0.31204   	2.045000	3.39878   	
2.046000	0         	2.046000	3.39866   	2.046000	0.31216   	2.046000	3.39866   	
2.047000	0         	2.047000	3.39854   	2.047000	0.31228   	2.047000	3.39854   	
2.048000	0         	2.048000	3.39842   	2.048000	0.312399  	2.048000	3.39842   	
2.049000	0         	2.049000	3.3983    	2.049000	0.312518  	2.049000	3.3983    	
2.050000	0         	2.050000	3.39818   	2.050000	0.312637  	2.050000	3.39818   	
2.051000	0         	2.051000	3.39806   	2.051000	0.312755  	2.051000	3.39806   	
2.052000	0         	2.052000	3.39795   	2.052000	0.312872  	2.052000	3.39795   	
2.053000	0         	2.053000	3.39783   	2.053000	0.312989  	2.053000	3.39783   	
2.054000	0         	2.054000	3.39771   	2.054000	0.313106  	2.054000	3.39771   	
2.055000	0         	2.055000	3.3976    	2.055000	0.313222  	2.055000	3.3976    	
2.056000	0         	2.056000	3.39748   	2.056000	0.313337  	2.056000	3.39748   	
2.057000	0         	2.057000	3.39737   	2.057000	0.313451  	2.057000	3.39737   	
2.058000	0         	2.058000	3.39725   	2.058000	0.313565  	2.058000	3.39725   	
2.059000	0         	2.059000	3.39714   	2.059000	0.313679  	2.059000	3.39714   	
2.060000	0         	2.060000	3.39703   	2.060000	0.313791  	2.060000	3.39703   	
2.061000	0         	2.061000	3.39692   	2.061000	0.313903  	2.061000	3.39692   	
2.062000	0         	2.062000	3.3968    	2.062000	0.314015  	2.062000	3.3968    	
2.063000	0         	2.063000	3.39669   	2.063000	0.314125  	2.063000	3.39669   	
2.064000	0         	2.064000	3.39658   	2.064000	0.314235  	2.064000	3.39658   	
2.065000	0         	2.065000	3.39648   	2.065000	0.314343  	2.065000	3.39648   	
2.066000	0         	2.066000	3.39637   	2.066000	0.314451  	2.066000	3.39637   	
2.067000	0         	2.067000	3.39626   	2.067000	0.314558  	2.067000	3.39626   	
2.068000	0         	2.068000	3.39616   	2.068000	0.314664  	2.068000	3.39616   	
2.069000	0         	2.069000	3.39605   	2.069000	0.314769  	2.069000	3.39605   	
2.070000	0         	2.070000	3.39595   	2.070000	0.314873  	2.070000	3.39595   	
2.071000	0         	2.071000	3.39584   	2.071000	0.314976  	2.071000	3.39584   	
2.072000	0         	2.072000	3.39574   	2.072000	0.315078  	2.072000	3.39574   	
2.073000	5.26446e-09	2.073000	3.39564   	2.073000	0.315178  	2.073000	3.39564   	
2.074000	1.02938e-06	2.074000	3.39554   	2.074000	0.315277  	2.074000	3.39554   	
2.075000	6.58082e-06	2.075000	3.39542   	2.075000	0.31539   	2.075000	3.39543   	
2.076000	2.00665e-05	2.076000	3.39531   	2.076000	0.315487  	2.076000	3.39533   	
2.077000	4.98329e-05	2.077000	3.39518   	2.077000	0.315588  	2.077000	3.39523   	
2.078000	0.000105967	2.078000	3.39502   	2.078000	0.315696  	2.078000	3.39512   	
2.079000	0.000209236	2.079000	3.39478   	2.079000	0.315826  	2.079000	3.39499   	
2.080000	0.00038702	2.080000	3.39444   	2.080000	0.315994  	2.080000	3.39483   	
2.081000	0.000674324	2.081000	3.39391   	2.081000	0.316233  	2.081000	3.39459   	
2.082000	0.00113216	2.082000	3.39309   	2.082000	0.316593  	2.082000	3.39423   	
2.083000	0.00183222	2.083000	3.39184   	2.083000	0.317146  	2.083000	3.39367   	
2.084000	0.00286947	2.084000	3.38994   	2.084000	0.31801   	2.084000	3.39281   	
2.085000	0.0043735 	2.085000	3.38712   	2.085000	0.319326  	2.085000	3.39149   	
2.086000	0.0065087 	2.086000	3.38301   	2.086000	0.321303  	2.086000	3.38952   	
2.087000	0.00946049	2.087000	3.37714   	2.087000	0.324223  	2.087000	3.3866    	
2.088000	0.0134176 	2.088000	3.36899   	2.088000	0.328413  	2.088000	3.38241   	
2.089000	0.0185956 	2.089000	3.3579    	2.089000	0.334328  	2.089000	3.37649   	
2.090000	0.0252163 	2.090000	3.34318   	2.090000	0.342421  	2.090000	3.3684    	
2.091000	0.033476  	2.091000	3.32408   	2.091000	0.353261  	2.091000	3.35756   	
2.092000	0.043481  	2.092000	3.29994   	2.092000	0.367397  	2.092000	3.34342   	
2.093000	0.0553635 	2.093000	3.27017   	2.093000	0.385289  	2.093000	3.32553   	
2.094000	0.0692472 	2.094000	3.23425   	2.094000	0.40732   	2.094000	3.3035    	
2.095000	0.0849222 	2.095000	3.1923    	2.095000	0.433598  	2.095000	3.27722   	
2.096000	0.102509  	2.096000	3.14424   	2.096000	0.464074  	2.096000	3.24675   	
2.097000	0.121687  	2.097000	3.09131   	2.097000	0.497819  	2.097000	3.213     	
2.098000	0.142558  	2.098000	3.03417   	2.098000	0.534087  	2.098000	3.17673   	
2.099000	0.164887  	2.099000	2.97489   	2.099000	0.571042  	2.099000	3.13978   	
2.100000	0.188757  	2.100000	2.91603   	2.100000	0.606036  	2.100000	3.10478   	
2.101000	0.214423  	2.101000	2.8594    	2.101000	0.636994  	2.101000	3.07383   	
2.102000	0.242329  	2.102000	2.80653   	2.102000	0.66196   	2.102000	3.04886   	
2.103000	0.273328  	2.103000	2.75738   	2.103000	0.680106  	2.103000	3.03071   	
2.104000	0.308695  	2.104000	2.7111    	2.104000	0.691021  	2.104000	3.0198    	
2.105000	0.348974  	2.105000	2.66625   	2.105000	0.695595  	2.105000	3.01522   	
2.106000	0.394467  	2.106000	2.61797   	2.106000	0.698385  	2.106000	3.01243   	
2.107000	0.443728  	2.107000	2.56104   	2.107000	0.706049  	2.107000	3.00477   	
2.108000	0.498225  	2.108000	2.4861    	2.108000	0.726493  	2.108000	2.98433   	
2.109000	0.551725  	2.109000	2.39156   	2.109000	0.767536  	2.109000	2.94328   	
2.110000	0.611163  	2.110000	2.25338   	2.110000	0.846279  	2.110000	2.86454   	
2.111000	0.659111  	2.111000	2.05813   	2.111000	0.993575  	2.111000	2.71724   	
2.112000	0.698301  	2.112000	1.7532    	2.112000	1.25932   	2.112000	2.4515    	
2.113000	0.690373  	2.113000	1.30948   	2.113000	1.71097   	2.113000	1.99985   	
2.114000	0.637544  	2.114000	0.82068   	2.114000	2.2526    	2.114000	1.45822   	
2.115000	0.558422  	2.115000	0.489537  	2.115000	2.66286   	2.115000	1.04796   	
2.116000	0.484868  	2.116000	0.303649  	2.116000	2.9223    	2.116000	0.788517  	
2.117000	0.314721  	2.117000	0.00177097	2.117000	3.39433   	2.117000	0.316492  	
2.118000	0.191965  	2.118000	1.01387e-07	2.118000	3.51885   	2.118000	0.191965  	
2.119000	0.100702  	2.119000	0         	2.119000	3.61012   	2.119000	0.100702  	
2.120000	0.0780092 	2.120000	0         	2.120000	3.63281   	2.120000	0.0780092 	
2.121000	0.0271626 	2.121000	0         	2.121000	3.68366   	2.121000	0.0271626 	
2.122000	0.00729218	2.122000	0         	2.122000	3.70353   	2.122000	0.00729218	
2.123000	7.95426e-16	2.123000	0         	2.123000	3.71082   	2.123000	7.95426e-16	
2.124000	4.49001e-19	2.124000	0         	2.124000	3.71082   	2.124000	4.49001e-19	
2.125000	0         	2.125000	0         	2.125000	3.71082   	2.125000	0         	
2.126000	0         	2.126000	0         	2.126000	3.71082   	2.126000	0         	
2.127000	0         	2.127000	0         	2.127000	3.71082   	2.127000	0         	
2.128000	0         	2.128000	0         	2.128000	3.71082   	2.128000	0         	
2.129000	0         	2.129000	0         	2.129000	3.71082   	2.129000	0         	
2.130000	0         	2.130000	0         	2.130000	3.71082   	2.130000	0         	
2.131000	0         	2.131000	0         	2.131000	3.71082   	2.131000	0         	
2.132000	0         	2.132000	0         	2.132000	3.71082   	2.132000	0         	
2.133000	0         	2.133000	0         	2.133000	3.71082   	2.133000	0         	
2.134000	0         	2.134000	0         	2.134000	3.71082   	2.134000	0         	
2.135000	0         	2.135000	0         	2.135000	3.71082   	2.135000	0         	
2.136000	0         	2.136000	0         	2.136000	3.71082   	2.136000	0         	
2.137000	0         	2.137000	0         	2.137000	3.71082   	2.137000	0         	
2.138000	0         	2.138000	0         	2.138000	3.71082   	2.138000	0         	
2.139000	0         	2.139000	0         	2.139000	3.71082   	2.139000	0         	
2.140000	0         	2.140000	0         	2.140000	3.71082   	2.140000	0         	
2.141000	0         	2.141000	0         	2.141000	3.71082   	2.141000	0         	
2.142000	0         	2.142000	0         	2.142000	3.71082   	2.142000	0         	
2.143000	0         	2.143000	0         	2.143000	3.71082   	2.143000	0         	
2.144000	0         	2.144000	0         	2.144000	3.71082   	2.144000	0         	
2.145000	0         	2.145000	0         	2.145000	3.71082   	2.145000	0         	
2.146000	0         	2.146000	0         	2.146000	3.71082   	2.146000	0         	
2.147000	0         	2.147000	0         	2.147000	3.71082   	2.147000	0         	
2.148000	0         	2.148000	0         	2.148000	3.71082   	2.148000	0         	
2.149000	0         	2.149000	0         	2.149000	3.71082   	2.149000	0         	
2.150000	0         	2.150000	0         	2.150000	3.71082   	2.150000	0         	
2.151000	0         	2.151000	0         	2.151000	3.71082   	2.151000	0         	
2.152000	0         	2.152000	0         	2.152000	3.71082   	2.152000	0         	
2.153000	0         	2.153000	0         	2.153000	3.71082   	2.153000	0         	
2.154000	0         	2.154000	0         	2.154000	3.71082   	2.154000	0         	
2.155000	0         	2.155000	0         	2.155000	3.71082   	2.155000	0         	
2.156000	0         	2.156000	0         	2.156000	3.71082   	2.156000	0         	
2.157000	0         	2.157000	0         	2.157000	3.71082   	2.157000	0         	
2.158000	0         	2.158000	0         	2.158000	3.71082   	2.158000	0         	
2.159000	0         	2.159000	0         	2.159000	3.71082   	2.159000	0         	
2.160000	0         	2.160000	0         	2.160000	3.71082   	2.160000	0         	
2.161000	0         	2.161000	0         	2.161000	3.71082   	2.161000	0         	
2.162000	0         	2.162000	0         	2.162000	3.71082   	2.162000	0         	
2.163000	0         	2.163000	0         	2.163000	3.71082   	2.163000	0         	
2.164000	0         	2.164000	0         	2.164000	3.71082   	2.164000	0         	
2.165000	0         	2.165000	0         	2.165000	3.71082   	2.165000	0         	
2.166000	0         	2.166000	0         	2.166000	3.71082   	2.166000	0         	
2.167000	0         	2.167000	0         	2.167000	3.71082   	2.167000	0         	
2.168000	0         	2.168000	0         	2.168000	3.71082   	2.168000	0         	
2.169000	0         	2.169000	0         	2.169000	3.71082   	2.169000	0         	
2.170000	0         	2.170000	0         	2.170000	3.71082   	2.170000	0         	
2.171000	0         	2.171000	0         	2.171000	3.71082   	2.171000	0         	
2.172000	0         	2.172000	0         	2.172000	3.71082   	2.172000	0         	
2.173000	0         	2.173000	0         	2.173000	3.71082   	2.173000	0         	
2.174000	0         	2.174000	0         	2.174000	3.71082   	2.174000	0         	
2.175000	0         	2.175000	0         	2.175000	3.71082   	2.175000	0         	
2.176000	0         	2.176000	0         	2.176000	3.71082   	2.176000	0         	
2.177000	0         	2.177000	0         	2.177000	3.71082   	2.177000	0         	
2.178000	0         	2.178000	0         	2.178000	3.71082   	2.178000	0         	
2.179000	0         	2.179000	0         	2.179000	3.71082   	2.179000	0         	
2.180000	0         	2.180000	0         	2.180000	3.71082   	2.180000	0         	
2.181000	0         	2.181000	0         	2.181000	3.71082   	2.181000	0         	
2.182000	0         	2.182000	0         	2.182000	3.71082   	2.182000	0         	
2.183000	0         	2.183000	0         	2.183000	3.71082   	2.183000	0         	
2.184000	0         	2.184000	0         	2.184000	3.71082   	2.184000	0         	
2.185000	0         	2.185000	0         	2.185000	3.71082   	2.185000	0         	
2.186000	0         	2.186000	0         	2.186000	3.71082   	2.186000	0         	
2.187000	0         	2.187000	0         	2.187000	3.71082   	2.187000	0         	
2.188000	0         	2.188000	0         	2.188000	3.71082   	2.188000	0         	
2.189000	0         	2.189000	0         	2.189000	3.71082   	2.189000	0         	
2.190000	0         	2.190000	0         	2.190000	3.71082   	2.190000	0         	
2.191000	0         	2.191000	0         	2.191000	3.71082   	2.191000	0         	
2.192000	0         	2.192000	0         	2.192000	3.71082   	2.192000	0         	
2.193000	0         	2.193000	0         	2.193000	3.71082   	2.193000	0         	
2.194000	0         	2.194000	0         	2.194000	3.71082   	2.194000	0         	
2.195000	0         	2.195000	0         	2.195000	3.71082   	2.195000	0         	
2.196000	0         	2.196000	0         	2.196000	3.71082   	2.196000	0         	
2.197000	0         	2.197000	0         	2.197000	3.71082   	2.197000	0         	
2.198000	0         	2.198000	0         	2.198000	3.71082   	2.198000	0         	
2.199000	0         	2.199000	0         	2.199000	3.71082   	2.199000	0         	
2.200000	0         	2.200000	0         	2.200000	3.71082   	2.200000	0         	
2.201000	0         	2.201000	0         	2.201000	3.71082   	2.201000	0         	
2.202000	0         	2.202000	0         	2.202000	3.71082   	2.202000	0         	
2.203000	0         	2.203000	0         	2.203000	3.71082   	2.203000	0         	
2.204000	0         	2.204000	0         	2.204000	3.71082   	2.204000	0         	
2.205000	0         	2.205000	0         	2.205000	3.71082   	2.205000	0         	
2.206000	0         	2.206000	0         	2.206000	3.71082   	2.206000	0         	
2.207000	0         	2.207000	0         	2.207000	3.71082   	2.207000	0         	
2.208000	0         	2.208000	0         	2.208000	3.71082   	2.208000	0         	
2.209000	0         	2.209000	0         	2.209000	3.71082   	2.209000	0         	
2.210000	0         	2.210000	0         	2.210000	3.71082   	2.210000	0         	
2.211000	0         	2.211000	0         	2.211000	3.71082   	2.211000	0         	
2.212000	0         	2.212000	0         	2.212000	3.71082   	2.212000	0         	
2.213000	0         	2.213000	0         	2.213000	3.71082   	2.213000	0         	
2.214000	0         	2.214000	0         	2.214000	3.71082   	2.214000	0         	
2.215000	0         	2.215000	0         	2.215000	3.71082   	2.215000	0         	
2.216000	0         	2.216000	0         	2.216000	3.71082   	2.216000	0         	
2.217000	0         	2.217000	0         	2.217000	3.71082   	2.217000	0         	
2.218000	0         	2.218000	0         	2.218000	3.71082   	2.218000	0         	
2.219000	0         	2.219000	0         	2.219000	3.71082   	2.219000	0         	
2.220000	0         	2.220000	0         	2.220000	3.71082   	2.220000	0         	
2.221000	0         	2.221000	0         	2.221000	3.71082   	2.221000	0         	
2.222000	0         	2.222000	0         	2.222000	3.71082   	2.222000	0         	
2.223000	0         	2.223000	0         	2.223000	3.71082   	2.223000	0         	
2.224000	0         	2.224000	0         	2.224000	3.71082   	2.224000	0         	
2.225000	0         	2.225000	0         	2.225000	3.71082   	2.225000	0         	
2.226000	0         	2.226000	0         	2.226000	3.71082   	2.226000	0         	
2.227000	0         	2.227000	0         	2.227000	3.71082   	2.227000	0         	
2.228000	0         	2.228000	0         	2.228000	3.71082   	2.228000	0         	
2.229000	0         	2.229000	0         	2.229000	3.71082   	2.229000	0         	
2.230000	0         	2.230000	0         	2.230000	3.71082   	2.230000	0         	
2.231000	0         	2.231000	0         	2.231000	3.71082   	2.231000	0         	
2.232000	0         	2.232000	0         	2.232000	3.71082   	2.232000	0         	
2.233000	0         	2.233000	0         	2.233000	3.71082   	2.233000	0         	
2.234000	0         	2.234000	0         	2.234000	3.71082   	2.234000	0         	
2.235000	0         	2.235000	0         	2.235000	3.71082   	2.235000	0         	
2.236000	0         	2.236000	0         	2.236000	3.71082   	2.236000	0         	
2.237000	0         	2.237000	0         	2.237000	3.71082   	2.237000	0         	
2.238000	0         	2.238000	0         	2.238000	3.71082   	2.238000	0         	
2.239000	0         	2.239000	0         	2.239000	3.71082   	2.239000	0         	
2.240000	0         	2.240000	0         	2.240000	3.71082   	2.240000	0         	
2.241000	0         	2.241000	0         	2.241000	3.71082   	2.241000	0         	
2.242000	0         	2.242000	0         	2.242000	3.71082   	2.242000	0         	
2.243000	0         	2.243000	0         	2.243000	3.71082   	2.243000	0         	
2.244000	0         	2.244000	0         	2.244000	3.71082   	2.244000	0         	
2.245000	0         	2.245000	0         	2.245000	3.71082   	2.245000	0         	
2.246000	0         	2.246000	0         	2.246000	3.71082   	2.246000	0         	
2.247000	0         	2.247000	0         	2.247000	3.71082   	2.247000	0         	
2.248000	0         	2.248000	0         	2.248000	3.71082   	2.248000	0         	
2.249000	0         	2.249000	0         	2.249000	3.71082   	2.249000	0         	
2.250000	0         	2.250000	0         	2.250000	3.71082   	2.250000	0         	
2.251000	0         	2.251000	0         	2.251000	3.71082   	2.251000	0         	
2.252000	0         	2.252000	0         	2.252000	3.71082   	2.252000	0         	
2.253000	0         	2.253000	0         	2.253000	3.71082   	2.253000	0         	
2.254000	0         	2.254000	0         	2.254000	3.71082   	2.254000	0         	
2.255000	0         	2.255000	0         	2.255000	3.71082   	2.255000	0         	
2.256000	0         	2.256000	0         	2.256000	3.71082   	2.256000	0         	
2.257000	0         	2.257000	0         	2.257000	3.71082   	2.257000	0         	
2.258000	0         	2.258000	0         	2.258000	3.71082   	2.258000	0         	
2.259000	0         	2.259000	0         	2.259000	3.71082   	2.259000	0         	
2.260000	0         	2.260000	0         	2.260000	3.71082   	2.260000	0         	
2.261000	0         	2.261000	0         	2.261000	3.71082   	2.261000	0         	
2.262000	0         	2.262000	0         	2.262000	3.71082   	2.262000	0         	
2.263000	0         	2.263000	0         	2.263000	3.71082   	2.263000	0         	
2.264000	0         	2.264000	0         	2.264000	3.71082   	2.264000	0         	
2.265000	0         	2.265000	0         	2.265000	3.71082   	2.265000	0         	
2.266000	0         	2.266000	0         	2.266000	3.71082   	2.266000	0         	
2.267000	0         	2.267000	0         	2.267000	3.71082   	2.267000	0         	
2.268000	0         	2.268000	0         	2.268000	3.71082   	2.268000	0         	
2.269000	0         	2.269000	0         	2.269000	3.71082   	2.269000	0         	
2.270000	0         	2.270000	0         	2.270000	3.71082   	2.270000	0         	
2.271000	0         	2.271000	0         	2.271000	3.71082   	2.271000	0         	
2.272000	0         	2.272000	0         	2.272000	3.71082   	2.272000	0         	
2.273000	0         	2.273000	0         	2.273000	3.71082   	2.273000	0         	
2.274000	0         	2.274000	0         	2.274000	3.71082   	2.274000	0         	
2.275000	0         	2.275000	0         	2.275000	3.71082   	2.275000	0         	
2.276000	0         	2.276000	0         	2.276000	3.71082   	2.276000	0         	
2.277000	0         	2.277000	0         	2.277000	3.71082   	2.277000	0         	
2.278000	0         	2.278000	0         	2.278000	3.71082   	2.278000	0         	
2.279000	0         	2.279000	0         	2.279000	3.71082   	2.279000	0         	
2.280000	0         	2.280000	0         	2.280000	3.71082   	2.280000	0         	
2.281000	0         	2.281000	0         	2.281000	3.71082   	2.281000	0         	
2.282000	0         	2.282000	0         	2.282000	3.71082   	2.282000	0         	
2.283000	0         	2.283000	0         	2.283000	3.71082   	2.283000	0         	
2.284000	0         	2.284000	0         	2.284000	3.71082   	2.284000	0         	
2.285000	0         	2.285000	0         	2.285000	3.71082   	2.285000	0         	
2.286000	0         	2.286000	0         	2.286000	3.71082   	2.286000	0         	
2.287000	0         	2.287000	0         	2.287000	3.71082   	2.287000	0         	
2.288000	0         	2.288000	0         	2.288000	3.71082   	2.288000	0         	
2.289000	0         	2.289000	0         	2.289000	3.71082   	2.289000	0         	
2.290000	0         	2.290000	0         	2.290000	3.71082   	2.290000	0         	
2.291000	0         	2.291000	0         	2.291000	3.71082   	2.291000	0         	
2.292000	0         	2.292000	0         	2.292000	3.71082   	2.292000	0         	
2.293000	0         	2.293000	0         	2.293000	3.71082   	2.293000	0         	
2.294000	0         	2.294000	0         	2.294000	3.71082   	2.294000	0         	
2.295000	0         	2.295000	0         	2.295000	3.71082   	2.295000	0         	
2.296000	0         	2.296000	0         	2.296000	3.71082   	2.296000	0         	
2.297000	0         	2.297000	0         	2.297000	3.71082   	2.297000	0         	
2.298000	0         	2.298000	0         	2.298000	3.71082   	2.298000	0         	
2.299000	0         	2.299000	0         	2.299000	3.71082   	2.299000	0         	
2.300000	0         	2.300000	0         	2.300000	3.71082   	2.300000	0         	
2.301000	0         	2.301000	0         	2.301000	3.71082   	2.301000	0         	
2.302000	0         	2.302000	0         	2.302000	3.71082   	2.302000	0         	
2.303000	0         	2.303000	0         	2.303000	3.71082   	2.303000	0         	
2.304000	0         	2.304000	0         	2.304000	3.71082   	2.304000	0         	
2.305000	0         	2.305000	0         	2.305000	3.71082   	2.305000	0         	
2.306000	0         	2.306000	0         	2.306000	3.71082   	2.306000	0         	
2.307000	0         	2.307000	0         	2.307000	3.71082   	2.307000	0         	
2.308000	0         	2.308000	0         	2.308000	3.71082   	2.308000	0         	
2.309000	0         	2.309000	0         	2.309000	3.71082   	2.309000	0         	
2.310000	0         	2.310000	0         	2.310000	3.71082   	2.310000	0         	
2.311000	0         	2.311000	0         	2.311000	3.71082   	2.311000	0         	
2.312000	0         	2.312000	0         	2.312000	3.71082   	2.312000	0         	
2.313000	0         	2.313000	0         	2.313000	3.71082   	2.313000	0         	
2.314000	0         	2.314000	0         	2.314000	3.71082   	2.314000	0         	
2.315000	0         	2.315000	0         	2.315000	3.71082   	2.315000	0         	
2.316000	0         	2.316000	0         	2.316000	3.71082   	2.316000	0         	
2.317000	0         	2.317000	0         	2.317000	3.71082   	2.317000	0         	
2.318000	0         	2.318000	0         	2.318000	3.71082   	2.318000	0         	
2.319000	0         	2.319000	0         	2.319000	3.71082   	2.319000	0         	
2.320000	0         	2.320000	0         	2.320000	3.71082   	2.320000	0         	
2.321000	0         	2.321000	0         	2.321000	3.71082   	2.321000	0         	
2.322000	0         	2.322000	0         	2.322000	3.71082   	2.322000	0         	
2.323000	0         	2.323000	0         	2.323000	3.71082   	2.323000	0         	
2.324000	0         	2.324000	0         	2.324000	3.71082   	2.324000	0         	
2.325000	0         	2.325000	0         	2.325000	3.71082   	2.325000	0         	
2.326000	0         	2.326000	0         	2.326000	3.71082   	2.326000	0         	
2.327000	0         	2.327000	0         	2.327000	3.71082   	2.327000	0         	
2.328000	0         	2.328000	0         	2.328000	3.71082   	2.328000	0         	
2.329000	0         	2.329000	0         	2.329000	3.71082   	2.329000	0         	
2.330000	0         	2.330000	0         	2.330000	3.71082   	2.330000	0         	
2.331000	0         	2.331000	0         	2.331000	3.71082   	2.331000	0         	
2.332000	0         	2.332000	0         	2.332000	3.71082   	2.332000	0         	
2.333000	0         	2.333000	0         	2.333000	3.71082   	2.333000	0         	
2.334000	0         	2.334000	0         	2.334000	3.71082   	2.334000	0         	
2.335000	0         	2.335000	0         	2.335000	3.71082   	2.335000	0         	
2.336000	0         	2.336000	0         	2.336000	3.71082   	2.336000	0         	
2.337000	0         	2.337000	0         	2.337000	3.71082   	2.337000	0         	
2.338000	0         	2.338000	0         	2.338000	3.71082   	2.338000	0         	
2.339000	0         	2.339000	0         	2.339000	3.71082   	2.339000	0         	
2.340000	0         	2.340000	0         	2.340000	3.71082   	2.340000	0         	
2.341000	0         	2.341000	0         	2.341000	3.71082   	2.341000	0         	
2.342000	0         	2.342000	0         	2.342000	3.71082   	2.342000	0         	
2.343000	0         	2.343000	0         	2.343000	3.71082   	2.343000	0         	
2.344000	0         	2.344000	0         	2.344000	3.71082   	2.344000	0         	
2.345000	0         	2.345000	0         	2.345000	3.71082   	2.345000	0         	
2.346000	0         	2.346000	0         	2.346000	3.71082   	2.346000	0         	
2.347000	0         	2.347000	0         	2.347000	3.71082   	2.347000	0         	
2.348000	0         	2.348000	0         	2.348000	3.71082   	2.348000	0         	
2.349000	0         	2.349000	0         	2.349000	3.71082   	2.349000	0         	
2.350000	0         	2.350000	0         	2.350000	3.71082   	2.350000	0         	
2.351000	0         	2.351000	0         	2.351000	3.71082   	2.351000	0         	
2.352000	0         	2.352000	0         	2.352000	3.71082   	2.352000	0         	
2.353000	0         	2.353000	0         	2.353000	3.71082   	2.353000	0         	
2.354000	0         	2.354000	0         	2.354000	3.71082   	2.354000	0         	
2.355000	0         	2.355000	0         	2.355000	3.71082   	2.355000	0         	
2.356000	0         	2.356000	0         	2.356000	3.71082   	2.356000	0         	
2.357000	0         	2.357000	0         	2.357000	3.71082   	2.357000	0         	
2.358000	0         	2.358000	0         	2.358000	3.71082   	2.358000	0         	
2.359000	0         	2.359000	0         	2.359000	3.71082   	2.359000	0         	
2.360000	0         	2.360000	0         	2.360000	3.71082   	2.360000	0         	
2.361000	0         	2.361000	0         	2.361000	3.71082   	2.361000	0         	
2.362000	0         	2.362000	0         	2.362000	3.71082   	2.362000	0         	
2.363000	0         	2.363000	0         	2.363000	3.71082   	2.363000	0         	
2.364000	0         	2.364000	0         	2.364000	3.71082   	2.364000	0         	
2.365000	0         	2.365000	0         	2.365000	3.71082   	2.365000	0         	
2.366000	0         	2.366000	0         	2.366000	3.71082   	2.366000	0         	
2.367000	0         	2.367000	0         	2.367000	3.71082   	2.367000	0         	
2.368000	0         	2.368000	0         	2.368000	3.71082   	2.368000	0         	
2.369000	0         	2.369000	0         	2.369000	3.71082   	2.369000	0         	
2.370000	0         	2.370000	0         	2.370000	3.71082   	2.370000	0         	
2.371000	0         	2.371000	0         	2.371000	3.71082   	2.371000	0         	
2.372000	0         	2.372000	0         	2.372000	3.71082   	2.372000	0         	
2.373000	0         	2.373000	0         	2.373000	3.71082   	2.373000	0         	
2.374000	0         	2.374000	0         	2.374000	3.71082   	2.374000	0         	
2.375000	0         	2.375000	0         	2.375000	3.71082   	2.375000	0         	
2.376000	0         	2.376000	0         	2.376000	3.71082   	2.376000	0         	
2.377000	0         	2.377000	0         	2.377000	3.71082   	2.377000	0         	
2.378000	0         	2.378000	0         	2.378000	3.71082   	2.378000	0         	
2.379000	0         	2.379000	0         	2.379000	3.71082   	2.379000	0         	
2.380000	0         	2.380000	0         	2.380000	3.71082   	2.380000	0         	
2.381000	0         	2.381000	0         	2.381000	3.71082   	2.381000	0         	
2.382000	0         	2.382000	0         	2.382000	3.71082   	2.382000	0         	
2.383000	0         	2.383000	0         	2.383000	3.71082   	2.383000	0         	
2.384000	0         	2.384000	0         	2.384000	3.71082   	2.384000	0         	
2.385000	0         	2.385000	0         	2.385000	3.71082   	2.385000	0         	
2.386000	0         	2.386000	0         	2.386000	3.71082   	2.386000	0         	
2.387000	0         	2.387000	0         	2.387000	3.71082   	2.387000	0         	
2.388000	0         	2.388000	0         	2.388000	3.71082   	2.388000	0         	
2.389000	0         	2.389000	0         	2.389000	3.71082   	2.389000	0         	
2.390000	0         	2.390000	0         	2.390000	3.71082   	2.390000	0         	
2.391000	0         	2.391000	0         	2.391000	3.71082   	2.391000	0         	
2.392000	0         	2.392000	0         	2.392000	3.71082   	2.392000	0         	
2.393000	0         	2.393000	0         	2.393000	3.71082   	2.393000	0         	
2.394000	0         	2.394000	0         	2.394000	3.71082   	2.394000	0         	
2.395000	0         	2.395000	0         	2.395000	3.71082   	2.395000	0         	
2.396000	0         	2.396000	0         	2.396000	3.71082   	2.396000	0         	
2.397000	0         	2.397000	0         	2.397000	3.71082   	2.397000	0         	
2.398000	0         	2.398000	0         	2.398000	3.71082   	2.398000	0         	
2.399000	0         	2.399000	0         	2.399000	3.71082   	2.399000	0         	
2.400000	0         	2.400000	0         	2.400000	3.71082   	2.400000	0         	
