Thickness of SUS flat deg [mm]1	(B-C) stopped in THIS detector	Thickness of SUS flat deg [mm]2	(C)   yield after THIS detector 	Thickness of SUS flat deg [mm]3	(A-B) stopped before THIS detector	Thickness of SUS flat deg [mm]4	(B)   yield before THIS detector	
1.900000	0         	1.900000	3.23323   	1.900000	0.277465  	1.900000	3.23323   	
1.901000	0         	1.901000	3.2331    	1.901000	0.277595  	1.901000	3.2331    	
1.902000	0         	1.902000	3.23297   	1.902000	0.277726  	1.902000	3.23297   	
1.903000	0         	1.903000	3.23284   	1.903000	0.277856  	1.903000	3.23284   	
1.904000	0         	1.904000	3.23271   	1.904000	0.277987  	1.904000	3.23271   	
1.905000	0         	1.905000	3.23258   	1.905000	0.278117  	1.905000	3.23258   	
1.906000	0         	1.906000	3.23245   	1.906000	0.278247  	1.906000	3.23245   	
1.907000	0         	1.907000	3.23232   	1.907000	0.278377  	1.907000	3.23232   	
1.908000	0         	1.908000	3.23219   	1.908000	0.278508  	1.908000	3.23219   	
1.909000	0         	1.909000	3.23206   	1.909000	0.278638  	1.909000	3.23206   	
1.910000	0         	1.910000	3.23193   	1.910000	0.278768  	1.910000	3.23193   	
1.911000	0         	1.911000	3.2318    	1.911000	0.278898  	1.911000	3.2318    	
1.912000	0         	1.912000	3.23167   	1.912000	0.279028  	1.912000	3.23167   	
1.913000	0         	1.913000	3.23154   	1.913000	0.279158  	1.913000	3.23154   	
1.914000	0         	1.914000	3.23141   	1.914000	0.279288  	1.914000	3.23141   	
1.915000	0         	1.915000	3.23128   	1.915000	0.279418  	1.915000	3.23128   	
1.916000	0         	1.916000	3.23115   	1.916000	0.279548  	1.916000	3.23115   	
1.917000	0         	1.917000	3.23102   	1.917000	0.279678  	1.917000	3.23102   	
1.918000	0         	1.918000	3.23089   	1.918000	0.279807  	1.918000	3.23089   	
1.919000	0         	1.919000	3.23076   	1.919000	0.279937  	1.919000	3.23076   	
1.920000	0         	1.920000	3.23063   	1.920000	0.280067  	1.920000	3.23063   	
1.921000	0         	1.921000	3.2305    	1.921000	0.280196  	1.921000	3.2305    	
1.922000	0         	1.922000	3.23037   	1.922000	0.280326  	1.922000	3.23037   	
1.923000	0         	1.923000	3.23024   	1.923000	0.280455  	1.923000	3.23024   	
1.924000	0         	1.924000	3.23011   	1.924000	0.280585  	1.924000	3.23011   	
1.925000	0         	1.925000	3.22998   	1.925000	0.280714  	1.925000	3.22998   	
1.926000	0         	1.926000	3.22985   	1.926000	0.280843  	1.926000	3.22985   	
1.927000	0         	1.927000	3.22972   	1.927000	0.280972  	1.927000	3.22972   	
1.928000	0         	1.928000	3.22959   	1.928000	0.281102  	1.928000	3.22959   	
1.929000	0         	1.929000	3.22946   	1.929000	0.281231  	1.929000	3.22946   	
1.930000	0         	1.930000	3.22934   	1.930000	0.28136   	1.930000	3.22934   	
1.931000	0         	1.931000	3.22921   	1.931000	0.281489  	1.931000	3.22921   	
1.932000	0         	1.932000	3.22908   	1.932000	0.281618  	1.932000	3.22908   	
1.933000	0         	1.933000	3.22895   	1.933000	0.281747  	1.933000	3.22895   	
1.934000	0         	1.934000	3.22882   	1.934000	0.281875  	1.934000	3.22882   	
1.935000	0         	1.935000	3.22869   	1.935000	0.282004  	1.935000	3.22869   	
1.936000	0         	1.936000	3.22856   	1.936000	0.282133  	1.936000	3.22856   	
1.937000	0         	1.937000	3.22843   	1.937000	0.282261  	1.937000	3.22843   	
1.938000	0         	1.938000	3.22831   	1.938000	0.28239   	1.938000	3.22831   	
1.939000	0         	1.939000	3.22818   	1.939000	0.282518  	1.939000	3.22818   	
1.940000	0         	1.940000	3.22805   	1.940000	0.282646  	1.940000	3.22805   	
1.941000	0         	1.941000	3.22792   	1.941000	0.282774  	1.941000	3.22792   	
1.942000	0         	1.942000	3.22779   	1.942000	0.282902  	1.942000	3.22779   	
1.943000	0         	1.943000	3.22766   	1.943000	0.28303   	1.943000	3.22766   	
1.944000	0         	1.944000	3.22754   	1.944000	0.283158  	1.944000	3.22754   	
1.945000	0         	1.945000	3.22741   	1.945000	0.283286  	1.945000	3.22741   	
1.946000	0         	1.946000	3.22728   	1.946000	0.283414  	1.946000	3.22728   	
1.947000	0         	1.947000	3.22715   	1.947000	0.283542  	1.947000	3.22715   	
1.948000	0         	1.948000	3.22703   	1.948000	0.283669  	1.948000	3.22703   	
1.949000	0         	1.949000	3.2269    	1.949000	0.283797  	1.949000	3.2269    	
1.950000	0         	1.950000	3.22677   	1.950000	0.283924  	1.950000	3.22677   	
1.951000	0         	1.951000	3.22664   	1.951000	0.284051  	1.951000	3.22664   	
1.952000	0         	1.952000	3.22652   	1.952000	0.284179  	1.952000	3.22652   	
1.953000	0         	1.953000	3.22639   	1.953000	0.284306  	1.953000	3.22639   	
1.954000	0         	1.954000	3.22626   	1.954000	0.284433  	1.954000	3.22626   	
1.955000	0         	1.955000	3.22614   	1.955000	0.28456   	1.955000	3.22614   	
1.956000	0         	1.956000	3.22601   	1.956000	0.284687  	1.956000	3.22601   	
1.957000	0         	1.957000	3.22588   	1.957000	0.284814  	1.957000	3.22588   	
1.958000	0         	1.958000	3.22576   	1.958000	0.28494   	1.958000	3.22576   	
1.959000	0         	1.959000	3.22563   	1.959000	0.285067  	1.959000	3.22563   	
1.960000	0         	1.960000	3.2255    	1.960000	0.285193  	1.960000	3.2255    	
1.961000	0         	1.961000	3.22538   	1.961000	0.28532   	1.961000	3.22538   	
1.962000	0         	1.962000	3.22525   	1.962000	0.285446  	1.962000	3.22525   	
1.963000	0         	1.963000	3.22512   	1.963000	0.285572  	1.963000	3.22512   	
1.964000	0         	1.964000	3.225     	1.964000	0.285698  	1.964000	3.225     	
1.965000	0         	1.965000	3.22487   	1.965000	0.285824  	1.965000	3.22487   	
1.966000	0         	1.966000	3.22475   	1.966000	0.285949  	1.966000	3.22475   	
1.967000	0         	1.967000	3.22462   	1.967000	0.286075  	1.967000	3.22462   	
1.968000	0         	1.968000	3.2245    	1.968000	0.2862    	1.968000	3.2245    	
1.969000	0         	1.969000	3.22437   	1.969000	0.286324  	1.969000	3.22437   	
1.970000	0         	1.970000	3.22425   	1.970000	0.286448  	1.970000	3.22425   	
1.971000	0         	1.971000	3.22412   	1.971000	0.286571  	1.971000	3.22412   	
1.972000	0         	1.972000	3.224     	1.972000	0.286695  	1.972000	3.224     	
1.973000	0         	1.973000	3.22388   	1.973000	0.286818  	1.973000	3.22388   	
1.974000	0         	1.974000	3.22375   	1.974000	0.286942  	1.974000	3.22375   	
1.975000	0         	1.975000	3.22363   	1.975000	0.287065  	1.975000	3.22363   	
1.976000	0         	1.976000	3.22351   	1.976000	0.287188  	1.976000	3.22351   	
1.977000	0         	1.977000	3.22338   	1.977000	0.287311  	1.977000	3.22338   	
1.978000	0         	1.978000	3.22326   	1.978000	0.287433  	1.978000	3.22326   	
1.979000	0         	1.979000	3.22314   	1.979000	0.287556  	1.979000	3.22314   	
1.980000	0         	1.980000	3.22302   	1.980000	0.287678  	1.980000	3.22302   	
1.981000	0         	1.981000	3.22289   	1.981000	0.287801  	1.981000	3.22289   	
1.982000	0         	1.982000	3.22277   	1.982000	0.287923  	1.982000	3.22277   	
1.983000	0         	1.983000	3.22265   	1.983000	0.288045  	1.983000	3.22265   	
1.984000	0         	1.984000	3.22253   	1.984000	0.288166  	1.984000	3.22253   	
1.985000	0         	1.985000	3.22241   	1.985000	0.288288  	1.985000	3.22241   	
1.986000	0         	1.986000	3.22229   	1.986000	0.288409  	1.986000	3.22229   	
1.987000	0         	1.987000	3.22217   	1.987000	0.28853   	1.987000	3.22217   	
1.988000	0         	1.988000	3.22204   	1.988000	0.288651  	1.988000	3.22204   	
1.989000	0         	1.989000	3.22192   	1.989000	0.288772  	1.989000	3.22192   	
1.990000	0         	1.990000	3.2218    	1.990000	0.288893  	1.990000	3.2218    	
1.991000	0         	1.991000	3.22168   	1.991000	0.289013  	1.991000	3.22168   	
1.992000	0         	1.992000	3.22156   	1.992000	0.289133  	1.992000	3.22156   	
1.993000	0         	1.993000	3.22144   	1.993000	0.289253  	1.993000	3.22144   	
1.994000	0         	1.994000	3.22132   	1.994000	0.289373  	1.994000	3.22132   	
1.995000	0         	1.995000	3.2212    	1.995000	0.289492  	1.995000	3.2212    	
1.996000	0         	1.996000	3.22108   	1.996000	0.289611  	1.996000	3.22108   	
1.997000	0         	1.997000	3.22096   	1.997000	0.289731  	1.997000	3.22096   	
1.998000	0         	1.998000	3.22085   	1.998000	0.289849  	1.998000	3.22085   	
1.999000	0         	1.999000	3.22073   	1.999000	0.289968  	1.999000	3.22073   	
2.000000	0         	2.000000	3.22061   	2.000000	0.290086  	2.000000	3.22061   	
2.001000	0         	2.001000	3.22049   	2.001000	0.290204  	2.001000	3.22049   	
2.002000	0         	2.002000	3.22037   	2.002000	0.290322  	2.002000	3.22037   	
2.003000	0         	2.003000	3.22026   	2.003000	0.290439  	2.003000	3.22026   	
2.004000	0         	2.004000	3.22014   	2.004000	0.290556  	2.004000	3.22014   	
2.005000	0         	2.005000	3.22002   	2.005000	0.290673  	2.005000	3.22002   	
2.006000	0         	2.006000	3.21991   	2.006000	0.29079   	2.006000	3.21991   	
2.007000	0         	2.007000	3.21979   	2.007000	0.290906  	2.007000	3.21979   	
2.008000	0         	2.008000	3.21967   	2.008000	0.291022  	2.008000	3.21967   	
2.009000	0         	2.009000	3.21956   	2.009000	0.291137  	2.009000	3.21956   	
2.010000	0         	2.010000	3.21944   	2.010000	0.291252  	2.010000	3.21944   	
2.011000	0         	2.011000	3.21933   	2.011000	0.291367  	2.011000	3.21933   	
2.012000	0         	2.012000	3.21921   	2.012000	0.291481  	2.012000	3.21921   	
2.013000	0         	2.013000	3.2191    	2.013000	0.291595  	2.013000	3.2191    	
2.014000	0         	2.014000	3.21899   	2.014000	0.291709  	2.014000	3.21899   	
2.015000	0         	2.015000	3.21887   	2.015000	0.291822  	2.015000	3.21887   	
2.016000	0         	2.016000	3.21876   	2.016000	0.291934  	2.016000	3.21876   	
2.017000	0         	2.017000	3.21865   	2.017000	0.292047  	2.017000	3.21865   	
2.018000	0         	2.018000	3.21854   	2.018000	0.292158  	2.018000	3.21854   	
2.019000	0         	2.019000	3.21843   	2.019000	0.29227   	2.019000	3.21843   	
2.020000	0         	2.020000	3.21832   	2.020000	0.29238   	2.020000	3.21832   	
2.021000	0         	2.021000	3.2182    	2.021000	0.292491  	2.021000	3.2182    	
2.022000	0         	2.022000	3.2181    	2.022000	0.2926    	2.022000	3.2181    	
2.023000	0         	2.023000	3.21799   	2.023000	0.292709  	2.023000	3.21799   	
2.024000	0         	2.024000	3.21788   	2.024000	0.292818  	2.024000	3.21788   	
2.025000	0         	2.025000	3.21777   	2.025000	0.292926  	2.025000	3.21777   	
2.026000	0         	2.026000	3.21766   	2.026000	0.293033  	2.026000	3.21766   	
2.027000	0         	2.027000	3.21756   	2.027000	0.29314   	2.027000	3.21756   	
2.028000	0         	2.028000	3.21745   	2.028000	0.293246  	2.028000	3.21745   	
2.029000	0         	2.029000	3.21734   	2.029000	0.293351  	2.029000	3.21734   	
2.030000	0         	2.030000	3.21724   	2.030000	0.293456  	2.030000	3.21724   	
2.031000	0         	2.031000	3.21714   	2.031000	0.29356   	2.031000	3.21714   	
2.032000	0         	2.032000	3.21703   	2.032000	0.293663  	2.032000	3.21703   	
2.033000	0         	2.033000	3.21693   	2.033000	0.293765  	2.033000	3.21693   	
2.034000	0         	2.034000	3.21683   	2.034000	0.293866  	2.034000	3.21683   	
2.035000	0         	2.035000	3.21673   	2.035000	0.293966  	2.035000	3.21673   	
2.036000	0         	2.036000	3.21663   	2.036000	0.294065  	2.036000	3.21663   	
2.037000	0         	2.037000	3.21653   	2.037000	0.294163  	2.037000	3.21653   	
2.038000	1.55511e-12	2.038000	3.21643   	2.038000	0.29426   	2.038000	3.21643   	
2.039000	2.92786e-09	2.039000	3.21634   	2.039000	0.294356  	2.039000	3.21634   	
2.040000	4.44219e-07	2.040000	3.21623   	2.040000	0.294468  	2.040000	3.21623   	
2.041000	1.23058e-06	2.041000	3.21613   	2.041000	0.294562  	2.041000	3.21613   	
2.042000	8.10421e-06	2.042000	3.21603   	2.042000	0.294654  	2.042000	3.21604   	
2.043000	2.06077e-05	2.043000	3.21593   	2.043000	0.294746  	2.043000	3.21595   	
2.044000	4.67623e-05	2.044000	3.21581   	2.044000	0.294841  	2.044000	3.21585   	
2.045000	9.43375e-05	2.045000	3.21566   	2.045000	0.294944  	2.045000	3.21575   	
2.046000	0.000180174	2.046000	3.21545   	2.046000	0.295063  	2.046000	3.21563   	
2.047000	0.000325385	2.047000	3.21515   	2.047000	0.295215  	2.047000	3.21548   	
2.048000	0.00056732	2.048000	3.2147    	2.048000	0.295425  	2.048000	3.21527   	
2.049000	0.000954976	2.049000	3.21401   	2.049000	0.295733  	2.049000	3.21496   	
2.050000	0.00154826	2.050000	3.21294   	2.050000	0.296206  	2.050000	3.21449   	
2.051000	0.00244209	2.051000	3.21132   	2.051000	0.296929  	2.051000	3.21377   	
2.052000	0.00375808	2.052000	3.20891   	2.052000	0.298023  	2.052000	3.21267   	
2.053000	0.00561565	2.053000	3.20541   	2.053000	0.299672  	2.053000	3.21102   	
2.054000	0.00818557	2.054000	3.20042   	2.054000	0.302094  	2.054000	3.2086    	
2.055000	0.0116412 	2.055000	3.19349   	2.055000	0.305563  	2.055000	3.20513   	
2.056000	0.0162061 	2.056000	3.18406   	2.056000	0.310432  	2.056000	3.20026   	
2.057000	0.0220694 	2.057000	3.17155   	2.057000	0.317079  	2.057000	3.19362   	
2.058000	0.0294428 	2.058000	3.15537   	2.058000	0.325885  	2.058000	3.18481   	
2.059000	0.0385138 	2.059000	3.13493   	2.059000	0.337254  	2.059000	3.17344   	
2.060000	0.0494567 	2.060000	3.10973   	2.060000	0.351505  	2.060000	3.15919   	
2.061000	0.0624048 	2.061000	3.07952   	2.061000	0.368775  	2.061000	3.14192   	
2.062000	0.0774293 	2.062000	3.04399   	2.062000	0.389276  	2.062000	3.12142   	
2.063000	0.0946439 	2.063000	3.00326   	2.063000	0.412787  	2.063000	3.09791   	
2.064000	0.114048  	2.064000	2.95777   	2.064000	0.438881  	2.064000	3.07181   	
2.065000	0.135777  	2.065000	2.90836   	2.065000	0.46656   	2.065000	3.04414   	
2.066000	0.159808  	2.066000	2.8561    	2.066000	0.494785  	2.066000	3.01591   	
2.067000	0.186328  	2.067000	2.80208   	2.067000	0.522287  	2.067000	2.98841   	
2.068000	0.215643  	2.068000	2.74655   	2.068000	0.548503  	2.068000	2.96219   	
2.069000	0.24785   	2.069000	2.69016   	2.069000	0.572685  	2.069000	2.93801   	
2.070000	0.28275   	2.070000	2.63274   	2.070000	0.595208  	2.070000	2.91549   	
2.071000	0.319224  	2.071000	2.57503   	2.071000	0.616446  	2.071000	2.89425   	
2.072000	0.357046  	2.072000	2.5165    	2.072000	0.637153  	2.072000	2.87354   	
2.073000	0.397002  	2.073000	2.45515   	2.073000	0.658545  	2.073000	2.85215   	
2.074000	0.442613  	2.074000	2.38802   	2.074000	0.68006   	2.074000	2.83063   	
2.075000	0.48834   	2.075000	2.31356   	2.075000	0.708795  	2.075000	2.8019    	
2.076000	0.537723  	2.076000	2.21074   	2.076000	0.762236  	2.076000	2.74846   	
2.077000	0.587875  	2.077000	2.05729   	2.077000	0.865531  	2.077000	2.64516   	
2.078000	0.627291  	2.078000	1.82951   	2.078000	1.05389   	2.078000	2.4568    	
2.079000	0.643293  	2.079000	1.51441   	2.079000	1.35299   	2.079000	2.15771   	
2.080000	0.621763  	2.080000	1.12992   	2.080000	1.75902   	2.080000	1.75168   	
2.081000	0.562018  	2.081000	0.737528  	2.081000	2.21115   	2.081000	1.29955   	
2.082000	0.486278  	2.082000	0.438634  	2.082000	2.58578   	2.082000	0.924913  	
2.083000	0.422586  	2.083000	0.274825  	2.083000	2.81328   	2.083000	0.697412  	
2.084000	0.374388  	2.084000	0.1958    	2.084000	2.94051   	2.084000	0.570188  	
2.085000	0.170203  	2.085000	0.0154131 	2.085000	3.32508   	2.085000	0.185616  	
2.086000	0.100201  	2.086000	0         	2.086000	3.41049   	2.086000	0.100201  	
2.087000	0.0714051 	2.087000	0         	2.087000	3.43929   	2.087000	0.0714051 	
2.088000	0.0419913 	2.088000	0         	2.088000	3.4687    	2.088000	0.0419913 	
2.089000	3.1185e-11	2.089000	0         	2.089000	3.5107    	2.089000	3.1185e-11	
2.090000	0.00421871	2.090000	0         	2.090000	3.50648   	2.090000	0.00421871	
2.091000	4.59594e-17	2.091000	0         	2.091000	3.5107    	2.091000	4.59594e-17	
2.092000	0         	2.092000	0         	2.092000	3.5107    	2.092000	0         	
2.093000	0         	2.093000	0         	2.093000	3.5107    	2.093000	0         	
2.094000	0         	2.094000	0         	2.094000	3.5107    	2.094000	0         	
2.095000	0         	2.095000	0         	2.095000	3.5107    	2.095000	0         	
2.096000	0         	2.096000	0         	2.096000	3.5107    	2.096000	0         	
2.097000	0         	2.097000	0         	2.097000	3.5107    	2.097000	0         	
2.098000	0         	2.098000	0         	2.098000	3.5107    	2.098000	0         	
2.099000	0         	2.099000	0         	2.099000	3.5107    	2.099000	0         	
2.100000	0         	2.100000	0         	2.100000	3.5107    	2.100000	0         	
2.101000	0         	2.101000	0         	2.101000	3.5107    	2.101000	0         	
2.102000	0         	2.102000	0         	2.102000	3.5107    	2.102000	0         	
2.103000	0         	2.103000	0         	2.103000	3.5107    	2.103000	0         	
2.104000	0         	2.104000	0         	2.104000	3.5107    	2.104000	0         	
2.105000	0         	2.105000	0         	2.105000	3.5107    	2.105000	0         	
2.106000	0         	2.106000	0         	2.106000	3.5107    	2.106000	0         	
2.107000	0         	2.107000	0         	2.107000	3.5107    	2.107000	0         	
2.108000	0         	2.108000	0         	2.108000	3.5107    	2.108000	0         	
2.109000	0         	2.109000	0         	2.109000	3.5107    	2.109000	0         	
2.110000	0         	2.110000	0         	2.110000	3.5107    	2.110000	0         	
2.111000	0         	2.111000	0         	2.111000	3.5107    	2.111000	0         	
2.112000	0         	2.112000	0         	2.112000	3.5107    	2.112000	0         	
2.113000	0         	2.113000	0         	2.113000	3.5107    	2.113000	0         	
2.114000	0         	2.114000	0         	2.114000	3.5107    	2.114000	0         	
2.115000	0         	2.115000	0         	2.115000	3.5107    	2.115000	0         	
2.116000	0         	2.116000	0         	2.116000	3.5107    	2.116000	0         	
2.117000	0         	2.117000	0         	2.117000	3.5107    	2.117000	0         	
2.118000	0         	2.118000	0         	2.118000	3.5107    	2.118000	0         	
2.119000	0         	2.119000	0         	2.119000	3.5107    	2.119000	0         	
2.120000	0         	2.120000	0         	2.120000	3.5107    	2.120000	0         	
2.121000	0         	2.121000	0         	2.121000	3.5107    	2.121000	0         	
2.122000	0         	2.122000	0         	2.122000	3.5107    	2.122000	0         	
2.123000	0         	2.123000	0         	2.123000	3.5107    	2.123000	0         	
2.124000	0         	2.124000	0         	2.124000	3.5107    	2.124000	0         	
2.125000	0         	2.125000	0         	2.125000	3.5107    	2.125000	0         	
2.126000	0         	2.126000	0         	2.126000	3.5107    	2.126000	0         	
2.127000	0         	2.127000	0         	2.127000	3.5107    	2.127000	0         	
2.128000	0         	2.128000	0         	2.128000	3.5107    	2.128000	0         	
2.129000	0         	2.129000	0         	2.129000	3.5107    	2.129000	0         	
2.130000	0         	2.130000	0         	2.130000	3.5107    	2.130000	0         	
2.131000	0         	2.131000	0         	2.131000	3.5107    	2.131000	0         	
2.132000	0         	2.132000	0         	2.132000	3.5107    	2.132000	0         	
2.133000	0         	2.133000	0         	2.133000	3.5107    	2.133000	0         	
2.134000	0         	2.134000	0         	2.134000	3.5107    	2.134000	0         	
2.135000	0         	2.135000	0         	2.135000	3.5107    	2.135000	0         	
2.136000	0         	2.136000	0         	2.136000	3.5107    	2.136000	0         	
2.137000	0         	2.137000	0         	2.137000	3.5107    	2.137000	0         	
2.138000	0         	2.138000	0         	2.138000	3.5107    	2.138000	0         	
2.139000	0         	2.139000	0         	2.139000	3.5107    	2.139000	0         	
2.140000	0         	2.140000	0         	2.140000	3.5107    	2.140000	0         	
2.141000	0         	2.141000	0         	2.141000	3.5107    	2.141000	0         	
2.142000	0         	2.142000	0         	2.142000	3.5107    	2.142000	0         	
2.143000	0         	2.143000	0         	2.143000	3.5107    	2.143000	0         	
2.144000	0         	2.144000	0         	2.144000	3.5107    	2.144000	0         	
2.145000	0         	2.145000	0         	2.145000	3.5107    	2.145000	0         	
2.146000	0         	2.146000	0         	2.146000	3.5107    	2.146000	0         	
2.147000	0         	2.147000	0         	2.147000	3.5107    	2.147000	0         	
2.148000	0         	2.148000	0         	2.148000	3.5107    	2.148000	0         	
2.149000	0         	2.149000	0         	2.149000	3.5107    	2.149000	0         	
2.150000	0         	2.150000	0         	2.150000	3.5107    	2.150000	0         	
2.151000	0         	2.151000	0         	2.151000	3.5107    	2.151000	0         	
2.152000	0         	2.152000	0         	2.152000	3.5107    	2.152000	0         	
2.153000	0         	2.153000	0         	2.153000	3.5107    	2.153000	0         	
2.154000	0         	2.154000	0         	2.154000	3.5107    	2.154000	0         	
2.155000	0         	2.155000	0         	2.155000	3.5107    	2.155000	0         	
2.156000	0         	2.156000	0         	2.156000	3.5107    	2.156000	0         	
2.157000	0         	2.157000	0         	2.157000	3.5107    	2.157000	0         	
2.158000	0         	2.158000	0         	2.158000	3.5107    	2.158000	0         	
2.159000	0         	2.159000	0         	2.159000	3.5107    	2.159000	0         	
2.160000	0         	2.160000	0         	2.160000	3.5107    	2.160000	0         	
2.161000	0         	2.161000	0         	2.161000	3.5107    	2.161000	0         	
2.162000	0         	2.162000	0         	2.162000	3.5107    	2.162000	0         	
2.163000	0         	2.163000	0         	2.163000	3.5107    	2.163000	0         	
2.164000	0         	2.164000	0         	2.164000	3.5107    	2.164000	0         	
2.165000	0         	2.165000	0         	2.165000	3.5107    	2.165000	0         	
2.166000	0         	2.166000	0         	2.166000	3.5107    	2.166000	0         	
2.167000	0         	2.167000	0         	2.167000	3.5107    	2.167000	0         	
2.168000	0         	2.168000	0         	2.168000	3.5107    	2.168000	0         	
2.169000	0         	2.169000	0         	2.169000	3.5107    	2.169000	0         	
2.170000	0         	2.170000	0         	2.170000	3.5107    	2.170000	0         	
2.171000	0         	2.171000	0         	2.171000	3.5107    	2.171000	0         	
2.172000	0         	2.172000	0         	2.172000	3.5107    	2.172000	0         	
2.173000	0         	2.173000	0         	2.173000	3.5107    	2.173000	0         	
2.174000	0         	2.174000	0         	2.174000	3.5107    	2.174000	0         	
2.175000	0         	2.175000	0         	2.175000	3.5107    	2.175000	0         	
2.176000	0         	2.176000	0         	2.176000	3.5107    	2.176000	0         	
2.177000	0         	2.177000	0         	2.177000	3.5107    	2.177000	0         	
2.178000	0         	2.178000	0         	2.178000	3.5107    	2.178000	0         	
2.179000	0         	2.179000	0         	2.179000	3.5107    	2.179000	0         	
2.180000	0         	2.180000	0         	2.180000	3.5107    	2.180000	0         	
2.181000	0         	2.181000	0         	2.181000	3.5107    	2.181000	0         	
2.182000	0         	2.182000	0         	2.182000	3.5107    	2.182000	0         	
2.183000	0         	2.183000	0         	2.183000	3.5107    	2.183000	0         	
2.184000	0         	2.184000	0         	2.184000	3.5107    	2.184000	0         	
2.185000	0         	2.185000	0         	2.185000	3.5107    	2.185000	0         	
2.186000	0         	2.186000	0         	2.186000	3.5107    	2.186000	0         	
2.187000	0         	2.187000	0         	2.187000	3.5107    	2.187000	0         	
2.188000	0         	2.188000	0         	2.188000	3.5107    	2.188000	0         	
2.189000	0         	2.189000	0         	2.189000	3.5107    	2.189000	0         	
2.190000	0         	2.190000	0         	2.190000	3.5107    	2.190000	0         	
2.191000	0         	2.191000	0         	2.191000	3.5107    	2.191000	0         	
2.192000	0         	2.192000	0         	2.192000	3.5107    	2.192000	0         	
2.193000	0         	2.193000	0         	2.193000	3.5107    	2.193000	0         	
2.194000	0         	2.194000	0         	2.194000	3.5107    	2.194000	0         	
2.195000	0         	2.195000	0         	2.195000	3.5107    	2.195000	0         	
2.196000	0         	2.196000	0         	2.196000	3.5107    	2.196000	0         	
2.197000	0         	2.197000	0         	2.197000	3.5107    	2.197000	0         	
2.198000	0         	2.198000	0         	2.198000	3.5107    	2.198000	0         	
2.199000	0         	2.199000	0         	2.199000	3.5107    	2.199000	0         	
2.200000	0         	2.200000	0         	2.200000	3.5107    	2.200000	0         	
2.201000	0         	2.201000	0         	2.201000	3.5107    	2.201000	0         	
2.202000	0         	2.202000	0         	2.202000	3.5107    	2.202000	0         	
2.203000	0         	2.203000	0         	2.203000	3.5107    	2.203000	0         	
2.204000	0         	2.204000	0         	2.204000	3.5107    	2.204000	0         	
2.205000	0         	2.205000	0         	2.205000	3.5107    	2.205000	0         	
2.206000	0         	2.206000	0         	2.206000	3.5107    	2.206000	0         	
2.207000	0         	2.207000	0         	2.207000	3.5107    	2.207000	0         	
2.208000	0         	2.208000	0         	2.208000	3.5107    	2.208000	0         	
2.209000	0         	2.209000	0         	2.209000	3.5107    	2.209000	0         	
2.210000	0         	2.210000	0         	2.210000	3.5107    	2.210000	0         	
2.211000	0         	2.211000	0         	2.211000	3.5107    	2.211000	0         	
2.212000	0         	2.212000	0         	2.212000	3.5107    	2.212000	0         	
2.213000	0         	2.213000	0         	2.213000	3.5107    	2.213000	0         	
2.214000	0         	2.214000	0         	2.214000	3.5107    	2.214000	0         	
2.215000	0         	2.215000	0         	2.215000	3.5107    	2.215000	0         	
2.216000	0         	2.216000	0         	2.216000	3.5107    	2.216000	0         	
2.217000	0         	2.217000	0         	2.217000	3.5107    	2.217000	0         	
2.218000	0         	2.218000	0         	2.218000	3.5107    	2.218000	0         	
2.219000	0         	2.219000	0         	2.219000	3.5107    	2.219000	0         	
2.220000	0         	2.220000	0         	2.220000	3.5107    	2.220000	0         	
2.221000	0         	2.221000	0         	2.221000	3.5107    	2.221000	0         	
2.222000	0         	2.222000	0         	2.222000	3.5107    	2.222000	0         	
2.223000	0         	2.223000	0         	2.223000	3.5107    	2.223000	0         	
2.224000	0         	2.224000	0         	2.224000	3.5107    	2.224000	0         	
2.225000	0         	2.225000	0         	2.225000	3.5107    	2.225000	0         	
2.226000	0         	2.226000	0         	2.226000	3.5107    	2.226000	0         	
2.227000	0         	2.227000	0         	2.227000	3.5107    	2.227000	0         	
2.228000	0         	2.228000	0         	2.228000	3.5107    	2.228000	0         	
2.229000	0         	2.229000	0         	2.229000	3.5107    	2.229000	0         	
2.230000	0         	2.230000	0         	2.230000	3.5107    	2.230000	0         	
2.231000	0         	2.231000	0         	2.231000	3.5107    	2.231000	0         	
2.232000	0         	2.232000	0         	2.232000	3.5107    	2.232000	0         	
2.233000	0         	2.233000	0         	2.233000	3.5107    	2.233000	0         	
2.234000	0         	2.234000	0         	2.234000	3.5107    	2.234000	0         	
2.235000	0         	2.235000	0         	2.235000	3.5107    	2.235000	0         	
2.236000	0         	2.236000	0         	2.236000	3.5107    	2.236000	0         	
2.237000	0         	2.237000	0         	2.237000	3.5107    	2.237000	0         	
2.238000	0         	2.238000	0         	2.238000	3.5107    	2.238000	0         	
2.239000	0         	2.239000	0         	2.239000	3.5107    	2.239000	0         	
2.240000	0         	2.240000	0         	2.240000	3.5107    	2.240000	0         	
2.241000	0         	2.241000	0         	2.241000	3.5107    	2.241000	0         	
2.242000	0         	2.242000	0         	2.242000	3.5107    	2.242000	0         	
2.243000	0         	2.243000	0         	2.243000	3.5107    	2.243000	0         	
2.244000	0         	2.244000	0         	2.244000	3.5107    	2.244000	0         	
2.245000	0         	2.245000	0         	2.245000	3.5107    	2.245000	0         	
2.246000	0         	2.246000	0         	2.246000	3.5107    	2.246000	0         	
2.247000	0         	2.247000	0         	2.247000	3.5107    	2.247000	0         	
2.248000	0         	2.248000	0         	2.248000	3.5107    	2.248000	0         	
2.249000	0         	2.249000	0         	2.249000	3.5107    	2.249000	0         	
2.250000	0         	2.250000	0         	2.250000	3.5107    	2.250000	0         	
2.251000	0         	2.251000	0         	2.251000	3.5107    	2.251000	0         	
2.252000	0         	2.252000	0         	2.252000	3.5107    	2.252000	0         	
2.253000	0         	2.253000	0         	2.253000	3.5107    	2.253000	0         	
2.254000	0         	2.254000	0         	2.254000	3.5107    	2.254000	0         	
2.255000	0         	2.255000	0         	2.255000	3.5107    	2.255000	0         	
2.256000	0         	2.256000	0         	2.256000	3.5107    	2.256000	0         	
2.257000	0         	2.257000	0         	2.257000	3.5107    	2.257000	0         	
2.258000	0         	2.258000	0         	2.258000	3.5107    	2.258000	0         	
2.259000	0         	2.259000	0         	2.259000	3.5107    	2.259000	0         	
2.260000	0         	2.260000	0         	2.260000	3.5107    	2.260000	0         	
2.261000	0         	2.261000	0         	2.261000	3.5107    	2.261000	0         	
2.262000	0         	2.262000	0         	2.262000	3.5107    	2.262000	0         	
2.263000	0         	2.263000	0         	2.263000	3.5107    	2.263000	0         	
2.264000	0         	2.264000	0         	2.264000	3.5107    	2.264000	0         	
2.265000	0         	2.265000	0         	2.265000	3.5107    	2.265000	0         	
2.266000	0         	2.266000	0         	2.266000	3.5107    	2.266000	0         	
2.267000	0         	2.267000	0         	2.267000	3.5107    	2.267000	0         	
2.268000	0         	2.268000	0         	2.268000	3.5107    	2.268000	0         	
2.269000	0         	2.269000	0         	2.269000	3.5107    	2.269000	0         	
2.270000	0         	2.270000	0         	2.270000	3.5107    	2.270000	0         	
2.271000	0         	2.271000	0         	2.271000	3.5107    	2.271000	0         	
2.272000	0         	2.272000	0         	2.272000	3.5107    	2.272000	0         	
2.273000	0         	2.273000	0         	2.273000	3.5107    	2.273000	0         	
2.274000	0         	2.274000	0         	2.274000	3.5107    	2.274000	0         	
2.275000	0         	2.275000	0         	2.275000	3.5107    	2.275000	0         	
2.276000	0         	2.276000	0         	2.276000	3.5107    	2.276000	0         	
2.277000	0         	2.277000	0         	2.277000	3.5107    	2.277000	0         	
2.278000	0         	2.278000	0         	2.278000	3.5107    	2.278000	0         	
2.279000	0         	2.279000	0         	2.279000	3.5107    	2.279000	0         	
2.280000	0         	2.280000	0         	2.280000	3.5107    	2.280000	0         	
2.281000	0         	2.281000	0         	2.281000	3.5107    	2.281000	0         	
2.282000	0         	2.282000	0         	2.282000	3.5107    	2.282000	0         	
2.283000	0         	2.283000	0         	2.283000	3.5107    	2.283000	0         	
2.284000	0         	2.284000	0         	2.284000	3.5107    	2.284000	0         	
2.285000	0         	2.285000	0         	2.285000	3.5107    	2.285000	0         	
2.286000	0         	2.286000	0         	2.286000	3.5107    	2.286000	0         	
2.287000	0         	2.287000	0         	2.287000	3.5107    	2.287000	0         	
2.288000	0         	2.288000	0         	2.288000	3.5107    	2.288000	0         	
2.289000	0         	2.289000	0         	2.289000	3.5107    	2.289000	0         	
2.290000	0         	2.290000	0         	2.290000	3.5107    	2.290000	0         	
2.291000	0         	2.291000	0         	2.291000	3.5107    	2.291000	0         	
2.292000	0         	2.292000	0         	2.292000	3.5107    	2.292000	0         	
2.293000	0         	2.293000	0         	2.293000	3.5107    	2.293000	0         	
2.294000	0         	2.294000	0         	2.294000	3.5107    	2.294000	0         	
2.295000	0         	2.295000	0         	2.295000	3.5107    	2.295000	0         	
2.296000	0         	2.296000	0         	2.296000	3.5107    	2.296000	0         	
2.297000	0         	2.297000	0         	2.297000	3.5107    	2.297000	0         	
2.298000	0         	2.298000	0         	2.298000	3.5107    	2.298000	0         	
2.299000	0         	2.299000	0         	2.299000	3.5107    	2.299000	0         	
2.300000	0         	2.300000	0         	2.300000	3.5107    	2.300000	0         	
2.301000	0         	2.301000	0         	2.301000	3.5107    	2.301000	0         	
2.302000	0         	2.302000	0         	2.302000	3.5107    	2.302000	0         	
2.303000	0         	2.303000	0         	2.303000	3.5107    	2.303000	0         	
2.304000	0         	2.304000	0         	2.304000	3.5107    	2.304000	0         	
2.305000	0         	2.305000	0         	2.305000	3.5107    	2.305000	0         	
2.306000	0         	2.306000	0         	2.306000	3.5107    	2.306000	0         	
2.307000	0         	2.307000	0         	2.307000	3.5107    	2.307000	0         	
2.308000	0         	2.308000	0         	2.308000	3.5107    	2.308000	0         	
2.309000	0         	2.309000	0         	2.309000	3.5107    	2.309000	0         	
2.310000	0         	2.310000	0         	2.310000	3.5107    	2.310000	0         	
2.311000	0         	2.311000	0         	2.311000	3.5107    	2.311000	0         	
2.312000	0         	2.312000	0         	2.312000	3.5107    	2.312000	0         	
2.313000	0         	2.313000	0         	2.313000	3.5107    	2.313000	0         	
2.314000	0         	2.314000	0         	2.314000	3.5107    	2.314000	0         	
2.315000	0         	2.315000	0         	2.315000	3.5107    	2.315000	0         	
2.316000	0         	2.316000	0         	2.316000	3.5107    	2.316000	0         	
2.317000	0         	2.317000	0         	2.317000	3.5107    	2.317000	0         	
2.318000	0         	2.318000	0         	2.318000	3.5107    	2.318000	0         	
2.319000	0         	2.319000	0         	2.319000	3.5107    	2.319000	0         	
2.320000	0         	2.320000	0         	2.320000	3.5107    	2.320000	0         	
2.321000	0         	2.321000	0         	2.321000	3.5107    	2.321000	0         	
2.322000	0         	2.322000	0         	2.322000	3.5107    	2.322000	0         	
2.323000	0         	2.323000	0         	2.323000	3.5107    	2.323000	0         	
2.324000	0         	2.324000	0         	2.324000	3.5107    	2.324000	0         	
2.325000	0         	2.325000	0         	2.325000	3.5107    	2.325000	0         	
2.326000	0         	2.326000	0         	2.326000	3.5107    	2.326000	0         	
2.327000	0         	2.327000	0         	2.327000	3.5107    	2.327000	0         	
2.328000	0         	2.328000	0         	2.328000	3.5107    	2.328000	0         	
2.329000	0         	2.329000	0         	2.329000	3.5107    	2.329000	0         	
2.330000	0         	2.330000	0         	2.330000	3.5107    	2.330000	0         	
2.331000	0         	2.331000	0         	2.331000	3.5107    	2.331000	0         	
2.332000	0         	2.332000	0         	2.332000	3.5107    	2.332000	0         	
2.333000	0         	2.333000	0         	2.333000	3.5107    	2.333000	0         	
2.334000	0         	2.334000	0         	2.334000	3.5107    	2.334000	0         	
2.335000	0         	2.335000	0         	2.335000	3.5107    	2.335000	0         	
2.336000	0         	2.336000	0         	2.336000	3.5107    	2.336000	0         	
2.337000	0         	2.337000	0         	2.337000	3.5107    	2.337000	0         	
2.338000	0         	2.338000	0         	2.338000	3.5107    	2.338000	0         	
2.339000	0         	2.339000	0         	2.339000	3.5107    	2.339000	0         	
2.340000	0         	2.340000	0         	2.340000	3.5107    	2.340000	0         	
2.341000	0         	2.341000	0         	2.341000	3.5107    	2.341000	0         	
2.342000	0         	2.342000	0         	2.342000	3.5107    	2.342000	0         	
2.343000	0         	2.343000	0         	2.343000	3.5107    	2.343000	0         	
2.344000	0         	2.344000	0         	2.344000	3.5107    	2.344000	0         	
2.345000	0         	2.345000	0         	2.345000	3.5107    	2.345000	0         	
2.346000	0         	2.346000	0         	2.346000	3.5107    	2.346000	0         	
2.347000	0         	2.347000	0         	2.347000	3.5107    	2.347000	0         	
2.348000	0         	2.348000	0         	2.348000	3.5107    	2.348000	0         	
2.349000	0         	2.349000	0         	2.349000	3.5107    	2.349000	0         	
2.350000	0         	2.350000	0         	2.350000	3.5107    	2.350000	0         	
2.351000	0         	2.351000	0         	2.351000	3.5107    	2.351000	0         	
2.352000	0         	2.352000	0         	2.352000	3.5107    	2.352000	0         	
2.353000	0         	2.353000	0         	2.353000	3.5107    	2.353000	0         	
2.354000	0         	2.354000	0         	2.354000	3.5107    	2.354000	0         	
2.355000	0         	2.355000	0         	2.355000	3.5107    	2.355000	0         	
2.356000	0         	2.356000	0         	2.356000	3.5107    	2.356000	0         	
2.357000	0         	2.357000	0         	2.357000	3.5107    	2.357000	0         	
2.358000	0         	2.358000	0         	2.358000	3.5107    	2.358000	0         	
2.359000	0         	2.359000	0         	2.359000	3.5107    	2.359000	0         	
2.360000	0         	2.360000	0         	2.360000	3.5107    	2.360000	0         	
2.361000	0         	2.361000	0         	2.361000	3.5107    	2.361000	0         	
2.362000	0         	2.362000	0         	2.362000	3.5107    	2.362000	0         	
2.363000	0         	2.363000	0         	2.363000	3.5107    	2.363000	0         	
2.364000	0         	2.364000	0         	2.364000	3.5107    	2.364000	0         	
2.365000	0         	2.365000	0         	2.365000	3.5107    	2.365000	0         	
2.366000	0         	2.366000	0         	2.366000	3.5107    	2.366000	0         	
2.367000	0         	2.367000	0         	2.367000	3.5107    	2.367000	0         	
2.368000	0         	2.368000	0         	2.368000	3.5107    	2.368000	0         	
2.369000	0         	2.369000	0         	2.369000	3.5107    	2.369000	0         	
2.370000	0         	2.370000	0         	2.370000	3.5107    	2.370000	0         	
2.371000	0         	2.371000	0         	2.371000	3.5107    	2.371000	0         	
2.372000	0         	2.372000	0         	2.372000	3.5107    	2.372000	0         	
2.373000	0         	2.373000	0         	2.373000	3.5107    	2.373000	0         	
2.374000	0         	2.374000	0         	2.374000	3.5107    	2.374000	0         	
2.375000	0         	2.375000	0         	2.375000	3.5107    	2.375000	0         	
2.376000	0         	2.376000	0         	2.376000	3.5107    	2.376000	0         	
2.377000	0         	2.377000	0         	2.377000	3.5107    	2.377000	0         	
2.378000	0         	2.378000	0         	2.378000	3.5107    	2.378000	0         	
2.379000	0         	2.379000	0         	2.379000	3.5107    	2.379000	0         	
2.380000	0         	2.380000	0         	2.380000	3.5107    	2.380000	0         	
2.381000	0         	2.381000	0         	2.381000	3.5107    	2.381000	0         	
2.382000	0         	2.382000	0         	2.382000	3.5107    	2.382000	0         	
2.383000	0         	2.383000	0         	2.383000	3.5107    	2.383000	0         	
2.384000	0         	2.384000	0         	2.384000	3.5107    	2.384000	0         	
2.385000	0         	2.385000	0         	2.385000	3.5107    	2.385000	0         	
2.386000	0         	2.386000	0         	2.386000	3.5107    	2.386000	0         	
2.387000	0         	2.387000	0         	2.387000	3.5107    	2.387000	0         	
2.388000	0         	2.388000	0         	2.388000	3.5107    	2.388000	0         	
2.389000	0         	2.389000	0         	2.389000	3.5107    	2.389000	0         	
2.390000	0         	2.390000	0         	2.390000	3.5107    	2.390000	0         	
2.391000	0         	2.391000	0         	2.391000	3.5107    	2.391000	0         	
2.392000	0         	2.392000	0         	2.392000	3.5107    	2.392000	0         	
2.393000	0         	2.393000	0         	2.393000	3.5107    	2.393000	0         	
2.394000	0         	2.394000	0         	2.394000	3.5107    	2.394000	0         	
2.395000	0         	2.395000	0         	2.395000	3.5107    	2.395000	0         	
2.396000	0         	2.396000	0         	2.396000	3.5107    	2.396000	0         	
2.397000	0         	2.397000	0         	2.397000	3.5107    	2.397000	0         	
2.398000	0         	2.398000	0         	2.398000	3.5107    	2.398000	0         	
2.399000	0         	2.399000	0         	2.399000	3.5107    	2.399000	0         	
2.400000	0         	2.400000	0         	2.400000	3.5107    	2.400000	0         	
