Thickness of SUS flat deg [mm]1	(B-C) stopped in THIS detector	Thickness of SUS flat deg [mm]2	(C)   yield after THIS detector 	Thickness of SUS flat deg [mm]3	(A-B) stopped before THIS detector	Thickness of SUS flat deg [mm]4	(B)   yield before THIS detector	
1.900000	0         	1.900000	64.6073   	1.900000	5.47272   	1.900000	64.6073   	
1.901000	0         	1.901000	64.6046   	1.901000	5.47539   	1.901000	64.6046   	
1.902000	0         	1.902000	64.6019   	1.902000	5.47806   	1.902000	64.6019   	
1.903000	0         	1.903000	64.5993   	1.903000	5.48073   	1.903000	64.5993   	
1.904000	0         	1.904000	64.5966   	1.904000	5.48339   	1.904000	64.5966   	
1.905000	0         	1.905000	64.5939   	1.905000	5.48606   	1.905000	64.5939   	
1.906000	0         	1.906000	64.5913   	1.906000	5.48873   	1.906000	64.5913   	
1.907000	0         	1.907000	64.5886   	1.907000	5.49139   	1.907000	64.5886   	
1.908000	0         	1.908000	64.5859   	1.908000	5.49406   	1.908000	64.5859   	
1.909000	0         	1.909000	64.5833   	1.909000	5.49673   	1.909000	64.5833   	
1.910000	0         	1.910000	64.5806   	1.910000	5.49939   	1.910000	64.5806   	
1.911000	0         	1.911000	64.5779   	1.911000	5.50206   	1.911000	64.5779   	
1.912000	0         	1.912000	64.5753   	1.912000	5.50472   	1.912000	64.5753   	
1.913000	0         	1.913000	64.5726   	1.913000	5.50738   	1.913000	64.5726   	
1.914000	0         	1.914000	64.5699   	1.914000	5.51004   	1.914000	64.5699   	
1.915000	0         	1.915000	64.5673   	1.915000	5.5127    	1.915000	64.5673   	
1.916000	0         	1.916000	64.5646   	1.916000	5.51534   	1.916000	64.5646   	
1.917000	0         	1.917000	64.562    	1.917000	5.51797   	1.917000	64.562    	
1.918000	0         	1.918000	64.5594   	1.918000	5.5206    	1.918000	64.5594   	
1.919000	0         	1.919000	64.5567   	1.919000	5.52323   	1.919000	64.5567   	
1.920000	0         	1.920000	64.5541   	1.920000	5.52586   	1.920000	64.5541   	
1.921000	0         	1.921000	64.5515   	1.921000	5.52849   	1.921000	64.5515   	
1.922000	0         	1.922000	64.5489   	1.922000	5.53112   	1.922000	64.5489   	
1.923000	0         	1.923000	64.5462   	1.923000	5.53375   	1.923000	64.5462   	
1.924000	0         	1.924000	64.5436   	1.924000	5.53638   	1.924000	64.5436   	
1.925000	0         	1.925000	64.541    	1.925000	5.53901   	1.925000	64.541    	
1.926000	0         	1.926000	64.5383   	1.926000	5.54164   	1.926000	64.5383   	
1.927000	0         	1.927000	64.5357   	1.927000	5.54427   	1.927000	64.5357   	
1.928000	0         	1.928000	64.5331   	1.928000	5.54689   	1.928000	64.5331   	
1.929000	0         	1.929000	64.5305   	1.929000	5.54952   	1.929000	64.5305   	
1.930000	0         	1.930000	64.5278   	1.930000	5.55215   	1.930000	64.5278   	
1.931000	0         	1.931000	64.5252   	1.931000	5.55477   	1.931000	64.5252   	
1.932000	0         	1.932000	64.5226   	1.932000	5.5574    	1.932000	64.5226   	
1.933000	0         	1.933000	64.52     	1.933000	5.56003   	1.933000	64.52     	
1.934000	0         	1.934000	64.5173   	1.934000	5.56265   	1.934000	64.5173   	
1.935000	0         	1.935000	64.5147   	1.935000	5.56528   	1.935000	64.5147   	
1.936000	0         	1.936000	64.5121   	1.936000	5.5679    	1.936000	64.5121   	
1.937000	0         	1.937000	64.5095   	1.937000	5.57052   	1.937000	64.5095   	
1.938000	0         	1.938000	64.5068   	1.938000	5.57315   	1.938000	64.5068   	
1.939000	0         	1.939000	64.5042   	1.939000	5.57577   	1.939000	64.5042   	
1.940000	0         	1.940000	64.5016   	1.940000	5.57839   	1.940000	64.5016   	
1.941000	0         	1.941000	64.499    	1.941000	5.58101   	1.941000	64.499    	
1.942000	0         	1.942000	64.4963   	1.942000	5.58364   	1.942000	64.4963   	
1.943000	0         	1.943000	64.4937   	1.943000	5.58626   	1.943000	64.4937   	
1.944000	0         	1.944000	64.4911   	1.944000	5.58888   	1.944000	64.4911   	
1.945000	0         	1.945000	64.4885   	1.945000	5.5915    	1.945000	64.4885   	
1.946000	0         	1.946000	64.4859   	1.946000	5.59412   	1.946000	64.4859   	
1.947000	0         	1.947000	64.4832   	1.947000	5.59674   	1.947000	64.4832   	
1.948000	0         	1.948000	64.4806   	1.948000	5.59936   	1.948000	64.4806   	
1.949000	0         	1.949000	64.478    	1.949000	5.60197   	1.949000	64.478    	
1.950000	0         	1.950000	64.4754   	1.950000	5.60459   	1.950000	64.4754   	
1.951000	0         	1.951000	64.4728   	1.951000	5.60721   	1.951000	64.4728   	
1.952000	0         	1.952000	64.4702   	1.952000	5.60983   	1.952000	64.4702   	
1.953000	0         	1.953000	64.4675   	1.953000	5.61244   	1.953000	64.4675   	
1.954000	0         	1.954000	64.4649   	1.954000	5.61505   	1.954000	64.4649   	
1.955000	0         	1.955000	64.4623   	1.955000	5.61766   	1.955000	64.4623   	
1.956000	0         	1.956000	64.4597   	1.956000	5.62028   	1.956000	64.4597   	
1.957000	0         	1.957000	64.4571   	1.957000	5.62289   	1.957000	64.4571   	
1.958000	0         	1.958000	64.4545   	1.958000	5.6255    	1.958000	64.4545   	
1.959000	0         	1.959000	64.4519   	1.959000	5.62811   	1.959000	64.4519   	
1.960000	0         	1.960000	64.4493   	1.960000	5.63071   	1.960000	64.4493   	
1.961000	0         	1.961000	64.4467   	1.961000	5.63332   	1.961000	64.4467   	
1.962000	0         	1.962000	64.444    	1.962000	5.63593   	1.962000	64.444    	
1.963000	0         	1.963000	64.4414   	1.963000	5.63854   	1.963000	64.4414   	
1.964000	0         	1.964000	64.4388   	1.964000	5.64114   	1.964000	64.4388   	
1.965000	0         	1.965000	64.4362   	1.965000	5.64375   	1.965000	64.4362   	
1.966000	0         	1.966000	64.4336   	1.966000	5.64636   	1.966000	64.4336   	
1.967000	0         	1.967000	64.431    	1.967000	5.64896   	1.967000	64.431    	
1.968000	0         	1.968000	64.4284   	1.968000	5.65156   	1.968000	64.4284   	
1.969000	0         	1.969000	64.4258   	1.969000	5.65417   	1.969000	64.4258   	
1.970000	0         	1.970000	64.4232   	1.970000	5.65677   	1.970000	64.4232   	
1.971000	0         	1.971000	64.4206   	1.971000	5.65937   	1.971000	64.4206   	
1.972000	0         	1.972000	64.418    	1.972000	5.66197   	1.972000	64.418    	
1.973000	0         	1.973000	64.4154   	1.973000	5.66457   	1.973000	64.4154   	
1.974000	0         	1.974000	64.4128   	1.974000	5.66717   	1.974000	64.4128   	
1.975000	0         	1.975000	64.4102   	1.975000	5.66977   	1.975000	64.4102   	
1.976000	0         	1.976000	64.4076   	1.976000	5.67237   	1.976000	64.4076   	
1.977000	0         	1.977000	64.405    	1.977000	5.67497   	1.977000	64.405    	
1.978000	0         	1.978000	64.4024   	1.978000	5.67757   	1.978000	64.4024   	
1.979000	0         	1.979000	64.3998   	1.979000	5.68016   	1.979000	64.3998   	
1.980000	0         	1.980000	64.3972   	1.980000	5.68275   	1.980000	64.3972   	
1.981000	0         	1.981000	64.3946   	1.981000	5.68534   	1.981000	64.3946   	
1.982000	0         	1.982000	64.392    	1.982000	5.68793   	1.982000	64.392    	
1.983000	0         	1.983000	64.3895   	1.983000	5.69052   	1.983000	64.3895   	
1.984000	0         	1.984000	64.3869   	1.984000	5.6931    	1.984000	64.3869   	
1.985000	0         	1.985000	64.3843   	1.985000	5.69566   	1.985000	64.3843   	
1.986000	0         	1.986000	64.3818   	1.986000	5.69821   	1.986000	64.3818   	
1.987000	0         	1.987000	64.3792   	1.987000	5.70077   	1.987000	64.3792   	
1.988000	0         	1.988000	64.3767   	1.988000	5.70333   	1.988000	64.3767   	
1.989000	0         	1.989000	64.3741   	1.989000	5.70588   	1.989000	64.3741   	
1.990000	0         	1.990000	64.3715   	1.990000	5.70843   	1.990000	64.3715   	
1.991000	0         	1.991000	64.369    	1.991000	5.71099   	1.991000	64.369    	
1.992000	0         	1.992000	64.3664   	1.992000	5.71354   	1.992000	64.3664   	
1.993000	0         	1.993000	64.3639   	1.993000	5.71609   	1.993000	64.3639   	
1.994000	0         	1.994000	64.3613   	1.994000	5.71864   	1.994000	64.3613   	
1.995000	0         	1.995000	64.3588   	1.995000	5.72119   	1.995000	64.3588   	
1.996000	0         	1.996000	64.3562   	1.996000	5.72373   	1.996000	64.3562   	
1.997000	0         	1.997000	64.3537   	1.997000	5.72628   	1.997000	64.3537   	
1.998000	0         	1.998000	64.3512   	1.998000	5.72882   	1.998000	64.3512   	
1.999000	0         	1.999000	64.3486   	1.999000	5.73137   	1.999000	64.3486   	
2.000000	0         	2.000000	64.3461   	2.000000	5.73391   	2.000000	64.3461   	
2.001000	0         	2.001000	64.3435   	2.001000	5.73645   	2.001000	64.3435   	
2.002000	0         	2.002000	64.341    	2.002000	5.73899   	2.002000	64.341    	
2.003000	0         	2.003000	64.3384   	2.003000	5.74153   	2.003000	64.3384   	
2.004000	0         	2.004000	64.3359   	2.004000	5.74407   	2.004000	64.3359   	
2.005000	0         	2.005000	64.3334   	2.005000	5.7466    	2.005000	64.3334   	
2.006000	0         	2.006000	64.3308   	2.006000	5.74914   	2.006000	64.3308   	
2.007000	0         	2.007000	64.3283   	2.007000	5.75167   	2.007000	64.3283   	
2.008000	0         	2.008000	64.3258   	2.008000	5.7542    	2.008000	64.3258   	
2.009000	0         	2.009000	64.3232   	2.009000	5.75674   	2.009000	64.3232   	
2.010000	0         	2.010000	64.3207   	2.010000	5.75927   	2.010000	64.3207   	
2.011000	0         	2.011000	64.3182   	2.011000	5.76179   	2.011000	64.3182   	
2.012000	0         	2.012000	64.3157   	2.012000	5.76432   	2.012000	64.3157   	
2.013000	0         	2.013000	64.3131   	2.013000	5.76685   	2.013000	64.3131   	
2.014000	0         	2.014000	64.3106   	2.014000	5.76937   	2.014000	64.3106   	
2.015000	0         	2.015000	64.3081   	2.015000	5.77189   	2.015000	64.3081   	
2.016000	0         	2.016000	64.3056   	2.016000	5.77441   	2.016000	64.3056   	
2.017000	0         	2.017000	64.303    	2.017000	5.77693   	2.017000	64.303    	
2.018000	0         	2.018000	64.3005   	2.018000	5.77945   	2.018000	64.3005   	
2.019000	0         	2.019000	64.298    	2.019000	5.78197   	2.019000	64.298    	
2.020000	0         	2.020000	64.2955   	2.020000	5.78448   	2.020000	64.2955   	
2.021000	0         	2.021000	64.293    	2.021000	5.78699   	2.021000	64.293    	
2.022000	0         	2.022000	64.2905   	2.022000	5.78951   	2.022000	64.2905   	
2.023000	0         	2.023000	64.288    	2.023000	5.79201   	2.023000	64.288    	
2.024000	0         	2.024000	64.2855   	2.024000	5.79452   	2.024000	64.2855   	
2.025000	0         	2.025000	64.283    	2.025000	5.79702   	2.025000	64.283    	
2.026000	0         	2.026000	64.2805   	2.026000	5.79952   	2.026000	64.2805   	
2.027000	0         	2.027000	64.278    	2.027000	5.80202   	2.027000	64.278    	
2.028000	0         	2.028000	64.2755   	2.028000	5.80452   	2.028000	64.2755   	
2.029000	0         	2.029000	64.273    	2.029000	5.80702   	2.029000	64.273    	
2.030000	0         	2.030000	64.2705   	2.030000	5.80951   	2.030000	64.2705   	
2.031000	0         	2.031000	64.268    	2.031000	5.812     	2.031000	64.268    	
2.032000	0         	2.032000	64.2655   	2.032000	5.81449   	2.032000	64.2655   	
2.033000	0         	2.033000	64.263    	2.033000	5.81698   	2.033000	64.263    	
2.034000	0         	2.034000	64.2605   	2.034000	5.81946   	2.034000	64.2605   	
2.035000	0         	2.035000	64.258    	2.035000	5.82195   	2.035000	64.258    	
2.036000	0         	2.036000	64.2556   	2.036000	5.82443   	2.036000	64.2556   	
2.037000	0         	2.037000	64.2531   	2.037000	5.82691   	2.037000	64.2531   	
2.038000	0         	2.038000	64.2506   	2.038000	5.82938   	2.038000	64.2506   	
2.039000	0         	2.039000	64.2481   	2.039000	5.83186   	2.039000	64.2481   	
2.040000	0         	2.040000	64.2456   	2.040000	5.83433   	2.040000	64.2456   	
2.041000	0         	2.041000	64.2432   	2.041000	5.8368    	2.041000	64.2432   	
2.042000	0         	2.042000	64.2407   	2.042000	5.83927   	2.042000	64.2407   	
2.043000	0         	2.043000	64.2382   	2.043000	5.84173   	2.043000	64.2382   	
2.044000	0         	2.044000	64.2358   	2.044000	5.8442    	2.044000	64.2358   	
2.045000	0         	2.045000	64.2333   	2.045000	5.84666   	2.045000	64.2333   	
2.046000	0         	2.046000	64.2309   	2.046000	5.84912   	2.046000	64.2309   	
2.047000	0         	2.047000	64.2284   	2.047000	5.85157   	2.047000	64.2284   	
2.048000	0         	2.048000	64.226    	2.048000	5.85402   	2.048000	64.226    	
2.049000	0         	2.049000	64.2235   	2.049000	5.85647   	2.049000	64.2235   	
2.050000	0         	2.050000	64.2211   	2.050000	5.85892   	2.050000	64.2211   	
2.051000	0         	2.051000	64.2186   	2.051000	5.86136   	2.051000	64.2186   	
2.052000	0         	2.052000	64.2162   	2.052000	5.8638    	2.052000	64.2162   	
2.053000	0         	2.053000	64.2137   	2.053000	5.86624   	2.053000	64.2137   	
2.054000	0         	2.054000	64.2113   	2.054000	5.86866   	2.054000	64.2113   	
2.055000	0         	2.055000	64.2089   	2.055000	5.87109   	2.055000	64.2089   	
2.056000	0         	2.056000	64.2065   	2.056000	5.87351   	2.056000	64.2065   	
2.057000	0         	2.057000	64.2041   	2.057000	5.87593   	2.057000	64.2041   	
2.058000	0         	2.058000	64.2017   	2.058000	5.87832   	2.058000	64.2017   	
2.059000	0         	2.059000	64.1993   	2.059000	5.8807    	2.059000	64.1993   	
2.060000	0         	2.060000	64.1969   	2.060000	5.88308   	2.060000	64.1969   	
2.061000	0         	2.061000	64.1945   	2.061000	5.88546   	2.061000	64.1945   	
2.062000	0         	2.062000	64.1921   	2.062000	5.88783   	2.062000	64.1921   	
2.063000	0         	2.063000	64.1898   	2.063000	5.8902    	2.063000	64.1898   	
2.064000	0         	2.064000	64.1874   	2.064000	5.89257   	2.064000	64.1874   	
2.065000	0         	2.065000	64.1851   	2.065000	5.89493   	2.065000	64.1851   	
2.066000	0         	2.066000	64.1827   	2.066000	5.89728   	2.066000	64.1827   	
2.067000	0         	2.067000	64.1803   	2.067000	5.89963   	2.067000	64.1803   	
2.068000	0         	2.068000	64.178    	2.068000	5.90198   	2.068000	64.178    	
2.069000	0         	2.069000	64.1757   	2.069000	5.90432   	2.069000	64.1757   	
2.070000	0         	2.070000	64.1733   	2.070000	5.90666   	2.070000	64.1733   	
2.071000	0         	2.071000	64.171    	2.071000	5.90899   	2.071000	64.171    	
2.072000	0         	2.072000	64.1687   	2.072000	5.91131   	2.072000	64.1687   	
2.073000	0         	2.073000	64.1663   	2.073000	5.91363   	2.073000	64.1663   	
2.074000	0         	2.074000	64.164    	2.074000	5.91595   	2.074000	64.164    	
2.075000	0         	2.075000	64.1617   	2.075000	5.91826   	2.075000	64.1617   	
2.076000	0         	2.076000	64.1594   	2.076000	5.92056   	2.076000	64.1594   	
2.077000	0         	2.077000	64.1571   	2.077000	5.92286   	2.077000	64.1571   	
2.078000	0         	2.078000	64.1548   	2.078000	5.92515   	2.078000	64.1548   	
2.079000	0         	2.079000	64.1525   	2.079000	5.92744   	2.079000	64.1525   	
2.080000	0         	2.080000	64.1503   	2.080000	5.92971   	2.080000	64.1503   	
2.081000	0         	2.081000	64.148    	2.081000	5.93199   	2.081000	64.148    	
2.082000	0         	2.082000	64.1457   	2.082000	5.93425   	2.082000	64.1457   	
2.083000	0         	2.083000	64.1435   	2.083000	5.93651   	2.083000	64.1435   	
2.084000	0         	2.084000	64.1412   	2.084000	5.93876   	2.084000	64.1412   	
2.085000	0         	2.085000	64.139    	2.085000	5.941     	2.085000	64.139    	
2.086000	0         	2.086000	64.1367   	2.086000	5.94324   	2.086000	64.1367   	
2.087000	0         	2.087000	64.1345   	2.087000	5.94546   	2.087000	64.1345   	
2.088000	0         	2.088000	64.1323   	2.088000	5.94768   	2.088000	64.1323   	
2.089000	0         	2.089000	64.1301   	2.089000	5.94989   	2.089000	64.1301   	
2.090000	0         	2.090000	64.1279   	2.090000	5.95209   	2.090000	64.1279   	
2.091000	0         	2.091000	64.1257   	2.091000	5.95428   	2.091000	64.1257   	
2.092000	0         	2.092000	64.1235   	2.092000	5.95646   	2.092000	64.1235   	
2.093000	0         	2.093000	64.1214   	2.093000	5.95863   	2.093000	64.1214   	
2.094000	0         	2.094000	64.1192   	2.094000	5.96079   	2.094000	64.1192   	
2.095000	0         	2.095000	64.117    	2.095000	5.96293   	2.095000	64.117    	
2.096000	0         	2.096000	64.1149   	2.096000	5.96507   	2.096000	64.1149   	
2.097000	0         	2.097000	64.1128   	2.097000	5.96719   	2.097000	64.1128   	
2.098000	0         	2.098000	64.1107   	2.098000	5.9693    	2.098000	64.1107   	
2.099000	0         	2.099000	64.1086   	2.099000	5.9714    	2.099000	64.1086   	
2.100000	0         	2.100000	64.1065   	2.100000	5.97348   	2.100000	64.1065   	
2.101000	0         	2.101000	64.1044   	2.101000	5.97555   	2.101000	64.1044   	
2.102000	0         	2.102000	64.1024   	2.102000	5.9776    	2.102000	64.1024   	
2.103000	0         	2.103000	64.1003   	2.103000	5.97963   	2.103000	64.1003   	
2.104000	0         	2.104000	64.0983   	2.104000	5.98165   	2.104000	64.0983   	
2.105000	0         	2.105000	64.0963   	2.105000	5.98365   	2.105000	64.0963   	
2.106000	0         	2.106000	64.0943   	2.106000	5.98563   	2.106000	64.0943   	
2.107000	0         	2.107000	64.0924   	2.107000	5.9876    	2.107000	64.0924   	
2.108000	0         	2.108000	64.0904   	2.108000	5.98954   	2.108000	64.0904   	
2.109000	2.93824e-07	2.109000	64.0885   	2.109000	5.99146   	2.109000	64.0885   	
2.110000	8.23923e-05	2.110000	64.0863   	2.110000	5.99361   	2.110000	64.0864   	
2.111000	0.000784024	2.111000	64.0837   	2.111000	5.99549   	2.111000	64.0845   	
2.112000	0.0022935 	2.112000	64.0802   	2.112000	5.99748   	2.112000	64.0825   	
2.113000	0.00396978	2.113000	64.0759   	2.113000	6.0001    	2.113000	64.0799   	
2.114000	0.00656277	2.114000	64.0696   	2.114000	6.00381   	2.114000	64.0762   	
2.115000	0.01035   	2.115000	64.0605   	2.115000	6.00912   	2.115000	64.0709   	
2.116000	0.0161686 	2.116000	64.0472   	2.116000	6.01657   	2.116000	64.0634   	
2.117000	0.0248653 	2.117000	64.0278   	2.117000	6.02732   	2.117000	64.0527   	
2.118000	0.0374781 	2.118000	63.9995   	2.118000	6.04302   	2.118000	64.037    	
2.119000	0.0553755 	2.119000	63.9585   	2.119000	6.06607   	2.119000	64.0139   	
2.120000	0.0802358 	2.120000	63.9001   	2.120000	6.09969   	2.120000	63.9803   	
2.121000	0.11398   	2.121000	63.8179   	2.121000	6.1481    	2.121000	63.9319   	
2.122000	0.158606  	2.122000	63.7048   	2.122000	6.21658   	2.122000	63.8634   	
2.123000	0.216236  	2.123000	63.5521   	2.123000	6.31163   	2.123000	63.7683   	
2.124000	0.288947  	2.124000	63.3501   	2.124000	6.44093   	2.124000	63.639    	
2.125000	0.37872   	2.125000	63.0883   	2.125000	6.61296   	2.125000	63.467    	
2.126000	0.486884  	2.126000	62.7563   	2.126000	6.83678   	2.126000	63.2432   	
2.127000	0.614726  	2.127000	62.3431   	2.127000	7.12211   	2.127000	62.9579   	
2.128000	0.762351  	2.128000	61.8409   	2.128000	7.47674   	2.128000	62.6032   	
2.129000	0.929601  	2.129000	61.2421   	2.129000	7.90832   	2.129000	62.1717   	
2.130000	1.11504   	2.130000	60.5456   	2.130000	8.41937   	2.130000	61.6606   	
2.131000	1.31739   	2.131000	59.7512   	2.131000	9.01137   	2.131000	61.0686   	
2.132000	1.53457   	2.132000	58.8653   	2.132000	9.68014   	2.132000	60.3998   	
2.133000	1.76284   	2.133000	57.8986   	2.133000	10.4186   	2.133000	59.6614   	
2.134000	1.99484   	2.134000	56.9084   	2.134000	11.1767   	2.134000	58.9032   	
2.135000	2.22922   	2.135000	55.975    	2.135000	11.8758   	2.135000	58.2042   	
2.136000	2.47392   	2.136000	55.0858   	2.136000	12.5202   	2.136000	57.5597   	
2.137000	2.72658   	2.137000	54.2316   	2.137000	13.1217   	2.137000	56.9582   	
2.138000	2.99515   	2.138000	53.4816   	2.138000	13.6032   	2.138000	56.4767   	
2.139000	3.28288   	2.139000	52.9687   	2.139000	13.8284   	2.139000	56.2516   	
2.140000	3.59696   	2.140000	52.7249   	2.140000	13.7581   	2.140000	56.3218   	
2.141000	3.95883   	2.141000	52.6653   	2.141000	13.4559   	2.141000	56.6241   	
2.142000	4.40662   	2.142000	52.6038   	2.142000	13.0696   	2.142000	57.0104   	
2.143000	4.97626   	2.143000	52.3918   	2.143000	12.7119   	2.143000	57.3681   	
2.144000	5.69608   	2.144000	51.8943   	2.144000	12.4896   	2.144000	57.5904   	
2.145000	6.48402   	2.145000	50.8815   	2.145000	12.7145   	2.145000	57.3655   	
2.146000	7.41124   	2.146000	49.0262   	2.146000	13.6426   	2.146000	56.4374   	
2.147000	8.17763   	2.147000	46.0643   	2.147000	15.838    	2.147000	54.242    	
2.148000	8.60015   	2.148000	42.4567   	2.148000	19.0231   	2.148000	51.0569   	
2.149000	8.97361   	2.149000	37.8394   	2.149000	23.267    	2.149000	46.813    	
2.150000	9.19847   	2.150000	31.9029   	2.150000	28.9786   	2.150000	41.1014   	
2.151000	9.28447   	2.151000	25.5662   	2.151000	35.2293   	2.151000	34.8507   	
2.152000	9.19038   	2.152000	19.7223   	2.152000	41.1673   	2.152000	28.9127   	
2.153000	10.2469   	2.153000	6.72857   	2.153000	53.1045   	2.153000	16.9755   	
2.154000	9.29371   	2.154000	1.86209   	2.154000	58.9242   	2.154000	11.1558   	
2.155000	7.59071   	2.155000	0.523317  	2.155000	61.966    	2.155000	8.11403   	
2.156000	3.64378   	2.156000	0         	2.156000	66.4362   	2.156000	3.64378   	
2.157000	2.34865   	2.157000	0         	2.157000	67.7313   	2.157000	2.34865   	
2.158000	0.611513  	2.158000	0         	2.158000	69.4685   	2.158000	0.611513  	
2.159000	0.152525  	2.159000	0         	2.159000	69.9275   	2.159000	0.152525  	
2.160000	0.0484151 	2.160000	0         	2.160000	70.0316   	2.160000	0.0484151 	
2.161000	1.29479e-15	2.161000	0         	2.161000	70.08     	2.161000	1.29479e-15	
2.162000	0         	2.162000	0         	2.162000	70.08     	2.162000	0         	
2.163000	0         	2.163000	0         	2.163000	70.08     	2.163000	0         	
2.164000	0         	2.164000	0         	2.164000	70.08     	2.164000	0         	
2.165000	0         	2.165000	0         	2.165000	70.08     	2.165000	0         	
2.166000	0         	2.166000	0         	2.166000	70.08     	2.166000	0         	
2.167000	0         	2.167000	0         	2.167000	70.08     	2.167000	0         	
2.168000	0         	2.168000	0         	2.168000	70.08     	2.168000	0         	
2.169000	0         	2.169000	0         	2.169000	70.08     	2.169000	0         	
2.170000	0         	2.170000	0         	2.170000	70.08     	2.170000	0         	
2.171000	0         	2.171000	0         	2.171000	70.08     	2.171000	0         	
2.172000	0         	2.172000	0         	2.172000	70.08     	2.172000	0         	
2.173000	0         	2.173000	0         	2.173000	70.08     	2.173000	0         	
2.174000	0         	2.174000	0         	2.174000	70.08     	2.174000	0         	
2.175000	0         	2.175000	0         	2.175000	70.08     	2.175000	0         	
2.176000	0         	2.176000	0         	2.176000	70.08     	2.176000	0         	
2.177000	0         	2.177000	0         	2.177000	70.08     	2.177000	0         	
2.178000	0         	2.178000	0         	2.178000	70.08     	2.178000	0         	
2.179000	0         	2.179000	0         	2.179000	70.08     	2.179000	0         	
2.180000	0         	2.180000	0         	2.180000	70.08     	2.180000	0         	
2.181000	0         	2.181000	0         	2.181000	70.08     	2.181000	0         	
2.182000	0         	2.182000	0         	2.182000	70.08     	2.182000	0         	
2.183000	0         	2.183000	0         	2.183000	70.08     	2.183000	0         	
2.184000	0         	2.184000	0         	2.184000	70.08     	2.184000	0         	
2.185000	0         	2.185000	0         	2.185000	70.08     	2.185000	0         	
2.186000	0         	2.186000	0         	2.186000	70.08     	2.186000	0         	
2.187000	0         	2.187000	0         	2.187000	70.08     	2.187000	0         	
2.188000	0         	2.188000	0         	2.188000	70.08     	2.188000	0         	
2.189000	0         	2.189000	0         	2.189000	70.08     	2.189000	0         	
2.190000	0         	2.190000	0         	2.190000	70.08     	2.190000	0         	
2.191000	0         	2.191000	0         	2.191000	70.08     	2.191000	0         	
2.192000	0         	2.192000	0         	2.192000	70.08     	2.192000	0         	
2.193000	0         	2.193000	0         	2.193000	70.08     	2.193000	0         	
2.194000	0         	2.194000	0         	2.194000	70.08     	2.194000	0         	
2.195000	0         	2.195000	0         	2.195000	70.08     	2.195000	0         	
2.196000	0         	2.196000	0         	2.196000	70.08     	2.196000	0         	
2.197000	0         	2.197000	0         	2.197000	70.08     	2.197000	0         	
2.198000	0         	2.198000	0         	2.198000	70.08     	2.198000	0         	
2.199000	0         	2.199000	0         	2.199000	70.08     	2.199000	0         	
2.200000	0         	2.200000	0         	2.200000	70.08     	2.200000	0         	
2.201000	0         	2.201000	0         	2.201000	70.08     	2.201000	0         	
2.202000	0         	2.202000	0         	2.202000	70.08     	2.202000	0         	
2.203000	0         	2.203000	0         	2.203000	70.08     	2.203000	0         	
2.204000	0         	2.204000	0         	2.204000	70.08     	2.204000	0         	
2.205000	0         	2.205000	0         	2.205000	70.08     	2.205000	0         	
2.206000	0         	2.206000	0         	2.206000	70.08     	2.206000	0         	
2.207000	0         	2.207000	0         	2.207000	70.08     	2.207000	0         	
2.208000	0         	2.208000	0         	2.208000	70.08     	2.208000	0         	
2.209000	0         	2.209000	0         	2.209000	70.08     	2.209000	0         	
2.210000	0         	2.210000	0         	2.210000	70.08     	2.210000	0         	
2.211000	0         	2.211000	0         	2.211000	70.08     	2.211000	0         	
2.212000	0         	2.212000	0         	2.212000	70.08     	2.212000	0         	
2.213000	0         	2.213000	0         	2.213000	70.08     	2.213000	0         	
2.214000	0         	2.214000	0         	2.214000	70.08     	2.214000	0         	
2.215000	0         	2.215000	0         	2.215000	70.08     	2.215000	0         	
2.216000	0         	2.216000	0         	2.216000	70.08     	2.216000	0         	
2.217000	0         	2.217000	0         	2.217000	70.08     	2.217000	0         	
2.218000	0         	2.218000	0         	2.218000	70.08     	2.218000	0         	
2.219000	0         	2.219000	0         	2.219000	70.08     	2.219000	0         	
2.220000	0         	2.220000	0         	2.220000	70.08     	2.220000	0         	
2.221000	0         	2.221000	0         	2.221000	70.08     	2.221000	0         	
2.222000	0         	2.222000	0         	2.222000	70.08     	2.222000	0         	
2.223000	0         	2.223000	0         	2.223000	70.08     	2.223000	0         	
2.224000	0         	2.224000	0         	2.224000	70.08     	2.224000	0         	
2.225000	0         	2.225000	0         	2.225000	70.08     	2.225000	0         	
2.226000	0         	2.226000	0         	2.226000	70.08     	2.226000	0         	
2.227000	0         	2.227000	0         	2.227000	70.08     	2.227000	0         	
2.228000	0         	2.228000	0         	2.228000	70.08     	2.228000	0         	
2.229000	0         	2.229000	0         	2.229000	70.08     	2.229000	0         	
2.230000	0         	2.230000	0         	2.230000	70.08     	2.230000	0         	
2.231000	0         	2.231000	0         	2.231000	70.08     	2.231000	0         	
2.232000	0         	2.232000	0         	2.232000	70.08     	2.232000	0         	
2.233000	0         	2.233000	0         	2.233000	70.08     	2.233000	0         	
2.234000	0         	2.234000	0         	2.234000	70.08     	2.234000	0         	
2.235000	0         	2.235000	0         	2.235000	70.08     	2.235000	0         	
2.236000	0         	2.236000	0         	2.236000	70.08     	2.236000	0         	
2.237000	0         	2.237000	0         	2.237000	70.08     	2.237000	0         	
2.238000	0         	2.238000	0         	2.238000	70.08     	2.238000	0         	
2.239000	0         	2.239000	0         	2.239000	70.08     	2.239000	0         	
2.240000	0         	2.240000	0         	2.240000	70.08     	2.240000	0         	
2.241000	0         	2.241000	0         	2.241000	70.08     	2.241000	0         	
2.242000	0         	2.242000	0         	2.242000	70.08     	2.242000	0         	
2.243000	0         	2.243000	0         	2.243000	70.08     	2.243000	0         	
2.244000	0         	2.244000	0         	2.244000	70.08     	2.244000	0         	
2.245000	0         	2.245000	0         	2.245000	70.08     	2.245000	0         	
2.246000	0         	2.246000	0         	2.246000	70.08     	2.246000	0         	
2.247000	0         	2.247000	0         	2.247000	70.08     	2.247000	0         	
2.248000	0         	2.248000	0         	2.248000	70.08     	2.248000	0         	
2.249000	0         	2.249000	0         	2.249000	70.08     	2.249000	0         	
2.250000	0         	2.250000	0         	2.250000	70.08     	2.250000	0         	
2.251000	0         	2.251000	0         	2.251000	70.08     	2.251000	0         	
2.252000	0         	2.252000	0         	2.252000	70.08     	2.252000	0         	
2.253000	0         	2.253000	0         	2.253000	70.08     	2.253000	0         	
2.254000	0         	2.254000	0         	2.254000	70.08     	2.254000	0         	
2.255000	0         	2.255000	0         	2.255000	70.08     	2.255000	0         	
2.256000	0         	2.256000	0         	2.256000	70.08     	2.256000	0         	
2.257000	0         	2.257000	0         	2.257000	70.08     	2.257000	0         	
2.258000	0         	2.258000	0         	2.258000	70.08     	2.258000	0         	
2.259000	0         	2.259000	0         	2.259000	70.08     	2.259000	0         	
2.260000	0         	2.260000	0         	2.260000	70.08     	2.260000	0         	
2.261000	0         	2.261000	0         	2.261000	70.08     	2.261000	0         	
2.262000	0         	2.262000	0         	2.262000	70.08     	2.262000	0         	
2.263000	0         	2.263000	0         	2.263000	70.08     	2.263000	0         	
2.264000	0         	2.264000	0         	2.264000	70.08     	2.264000	0         	
2.265000	0         	2.265000	0         	2.265000	70.08     	2.265000	0         	
2.266000	0         	2.266000	0         	2.266000	70.08     	2.266000	0         	
2.267000	0         	2.267000	0         	2.267000	70.08     	2.267000	0         	
2.268000	0         	2.268000	0         	2.268000	70.08     	2.268000	0         	
2.269000	0         	2.269000	0         	2.269000	70.08     	2.269000	0         	
2.270000	0         	2.270000	0         	2.270000	70.08     	2.270000	0         	
2.271000	0         	2.271000	0         	2.271000	70.08     	2.271000	0         	
2.272000	0         	2.272000	0         	2.272000	70.08     	2.272000	0         	
2.273000	0         	2.273000	0         	2.273000	70.08     	2.273000	0         	
2.274000	0         	2.274000	0         	2.274000	70.08     	2.274000	0         	
2.275000	0         	2.275000	0         	2.275000	70.08     	2.275000	0         	
2.276000	0         	2.276000	0         	2.276000	70.08     	2.276000	0         	
2.277000	0         	2.277000	0         	2.277000	70.08     	2.277000	0         	
2.278000	0         	2.278000	0         	2.278000	70.08     	2.278000	0         	
2.279000	0         	2.279000	0         	2.279000	70.08     	2.279000	0         	
2.280000	0         	2.280000	0         	2.280000	70.08     	2.280000	0         	
2.281000	0         	2.281000	0         	2.281000	70.08     	2.281000	0         	
2.282000	0         	2.282000	0         	2.282000	70.08     	2.282000	0         	
2.283000	0         	2.283000	0         	2.283000	70.08     	2.283000	0         	
2.284000	0         	2.284000	0         	2.284000	70.08     	2.284000	0         	
2.285000	0         	2.285000	0         	2.285000	70.08     	2.285000	0         	
2.286000	0         	2.286000	0         	2.286000	70.08     	2.286000	0         	
2.287000	0         	2.287000	0         	2.287000	70.08     	2.287000	0         	
2.288000	0         	2.288000	0         	2.288000	70.08     	2.288000	0         	
2.289000	0         	2.289000	0         	2.289000	70.08     	2.289000	0         	
2.290000	0         	2.290000	0         	2.290000	70.08     	2.290000	0         	
2.291000	0         	2.291000	0         	2.291000	70.08     	2.291000	0         	
2.292000	0         	2.292000	0         	2.292000	70.08     	2.292000	0         	
2.293000	0         	2.293000	0         	2.293000	70.08     	2.293000	0         	
2.294000	0         	2.294000	0         	2.294000	70.08     	2.294000	0         	
2.295000	0         	2.295000	0         	2.295000	70.08     	2.295000	0         	
2.296000	0         	2.296000	0         	2.296000	70.08     	2.296000	0         	
2.297000	0         	2.297000	0         	2.297000	70.08     	2.297000	0         	
2.298000	0         	2.298000	0         	2.298000	70.08     	2.298000	0         	
2.299000	0         	2.299000	0         	2.299000	70.08     	2.299000	0         	
2.300000	0         	2.300000	0         	2.300000	70.08     	2.300000	0         	
2.301000	0         	2.301000	0         	2.301000	70.08     	2.301000	0         	
2.302000	0         	2.302000	0         	2.302000	70.08     	2.302000	0         	
2.303000	0         	2.303000	0         	2.303000	70.08     	2.303000	0         	
2.304000	0         	2.304000	0         	2.304000	70.08     	2.304000	0         	
2.305000	0         	2.305000	0         	2.305000	70.08     	2.305000	0         	
2.306000	0         	2.306000	0         	2.306000	70.08     	2.306000	0         	
2.307000	0         	2.307000	0         	2.307000	70.08     	2.307000	0         	
2.308000	0         	2.308000	0         	2.308000	70.08     	2.308000	0         	
2.309000	0         	2.309000	0         	2.309000	70.08     	2.309000	0         	
2.310000	0         	2.310000	0         	2.310000	70.08     	2.310000	0         	
2.311000	0         	2.311000	0         	2.311000	70.08     	2.311000	0         	
2.312000	0         	2.312000	0         	2.312000	70.08     	2.312000	0         	
2.313000	0         	2.313000	0         	2.313000	70.08     	2.313000	0         	
2.314000	0         	2.314000	0         	2.314000	70.08     	2.314000	0         	
2.315000	0         	2.315000	0         	2.315000	70.08     	2.315000	0         	
2.316000	0         	2.316000	0         	2.316000	70.08     	2.316000	0         	
2.317000	0         	2.317000	0         	2.317000	70.08     	2.317000	0         	
2.318000	0         	2.318000	0         	2.318000	70.08     	2.318000	0         	
2.319000	0         	2.319000	0         	2.319000	70.08     	2.319000	0         	
2.320000	0         	2.320000	0         	2.320000	70.08     	2.320000	0         	
2.321000	0         	2.321000	0         	2.321000	70.08     	2.321000	0         	
2.322000	0         	2.322000	0         	2.322000	70.08     	2.322000	0         	
2.323000	0         	2.323000	0         	2.323000	70.08     	2.323000	0         	
2.324000	0         	2.324000	0         	2.324000	70.08     	2.324000	0         	
2.325000	0         	2.325000	0         	2.325000	70.08     	2.325000	0         	
2.326000	0         	2.326000	0         	2.326000	70.08     	2.326000	0         	
2.327000	0         	2.327000	0         	2.327000	70.08     	2.327000	0         	
2.328000	0         	2.328000	0         	2.328000	70.08     	2.328000	0         	
2.329000	0         	2.329000	0         	2.329000	70.08     	2.329000	0         	
2.330000	0         	2.330000	0         	2.330000	70.08     	2.330000	0         	
2.331000	0         	2.331000	0         	2.331000	70.08     	2.331000	0         	
2.332000	0         	2.332000	0         	2.332000	70.08     	2.332000	0         	
2.333000	0         	2.333000	0         	2.333000	70.08     	2.333000	0         	
2.334000	0         	2.334000	0         	2.334000	70.08     	2.334000	0         	
2.335000	0         	2.335000	0         	2.335000	70.08     	2.335000	0         	
2.336000	0         	2.336000	0         	2.336000	70.08     	2.336000	0         	
2.337000	0         	2.337000	0         	2.337000	70.08     	2.337000	0         	
2.338000	0         	2.338000	0         	2.338000	70.08     	2.338000	0         	
2.339000	0         	2.339000	0         	2.339000	70.08     	2.339000	0         	
2.340000	0         	2.340000	0         	2.340000	70.08     	2.340000	0         	
2.341000	0         	2.341000	0         	2.341000	70.08     	2.341000	0         	
2.342000	0         	2.342000	0         	2.342000	70.08     	2.342000	0         	
2.343000	0         	2.343000	0         	2.343000	70.08     	2.343000	0         	
2.344000	0         	2.344000	0         	2.344000	70.08     	2.344000	0         	
2.345000	0         	2.345000	0         	2.345000	70.08     	2.345000	0         	
2.346000	0         	2.346000	0         	2.346000	70.08     	2.346000	0         	
2.347000	0         	2.347000	0         	2.347000	70.08     	2.347000	0         	
2.348000	0         	2.348000	0         	2.348000	70.08     	2.348000	0         	
2.349000	0         	2.349000	0         	2.349000	70.08     	2.349000	0         	
2.350000	0         	2.350000	0         	2.350000	70.08     	2.350000	0         	
2.351000	0         	2.351000	0         	2.351000	70.08     	2.351000	0         	
2.352000	0         	2.352000	0         	2.352000	70.08     	2.352000	0         	
2.353000	0         	2.353000	0         	2.353000	70.08     	2.353000	0         	
2.354000	0         	2.354000	0         	2.354000	70.08     	2.354000	0         	
2.355000	0         	2.355000	0         	2.355000	70.08     	2.355000	0         	
2.356000	0         	2.356000	0         	2.356000	70.08     	2.356000	0         	
2.357000	0         	2.357000	0         	2.357000	70.08     	2.357000	0         	
2.358000	0         	2.358000	0         	2.358000	70.08     	2.358000	0         	
2.359000	0         	2.359000	0         	2.359000	70.08     	2.359000	0         	
2.360000	0         	2.360000	0         	2.360000	70.08     	2.360000	0         	
2.361000	0         	2.361000	0         	2.361000	70.08     	2.361000	0         	
2.362000	0         	2.362000	0         	2.362000	70.08     	2.362000	0         	
2.363000	0         	2.363000	0         	2.363000	70.08     	2.363000	0         	
2.364000	0         	2.364000	0         	2.364000	70.08     	2.364000	0         	
2.365000	0         	2.365000	0         	2.365000	70.08     	2.365000	0         	
2.366000	0         	2.366000	0         	2.366000	70.08     	2.366000	0         	
2.367000	0         	2.367000	0         	2.367000	70.08     	2.367000	0         	
2.368000	0         	2.368000	0         	2.368000	70.08     	2.368000	0         	
2.369000	0         	2.369000	0         	2.369000	70.08     	2.369000	0         	
2.370000	0         	2.370000	0         	2.370000	70.08     	2.370000	0         	
2.371000	0         	2.371000	0         	2.371000	70.08     	2.371000	0         	
2.372000	0         	2.372000	0         	2.372000	70.08     	2.372000	0         	
2.373000	0         	2.373000	0         	2.373000	70.08     	2.373000	0         	
2.374000	0         	2.374000	0         	2.374000	70.08     	2.374000	0         	
2.375000	0         	2.375000	0         	2.375000	70.08     	2.375000	0         	
2.376000	0         	2.376000	0         	2.376000	70.08     	2.376000	0         	
2.377000	0         	2.377000	0         	2.377000	70.08     	2.377000	0         	
2.378000	0         	2.378000	0         	2.378000	70.08     	2.378000	0         	
2.379000	0         	2.379000	0         	2.379000	70.08     	2.379000	0         	
2.380000	0         	2.380000	0         	2.380000	70.08     	2.380000	0         	
2.381000	0         	2.381000	0         	2.381000	70.08     	2.381000	0         	
2.382000	0         	2.382000	0         	2.382000	70.08     	2.382000	0         	
2.383000	0         	2.383000	0         	2.383000	70.08     	2.383000	0         	
2.384000	0         	2.384000	0         	2.384000	70.08     	2.384000	0         	
2.385000	0         	2.385000	0         	2.385000	70.08     	2.385000	0         	
2.386000	0         	2.386000	0         	2.386000	70.08     	2.386000	0         	
2.387000	0         	2.387000	0         	2.387000	70.08     	2.387000	0         	
2.388000	0         	2.388000	0         	2.388000	70.08     	2.388000	0         	
2.389000	0         	2.389000	0         	2.389000	70.08     	2.389000	0         	
2.390000	0         	2.390000	0         	2.390000	70.08     	2.390000	0         	
2.391000	0         	2.391000	0         	2.391000	70.08     	2.391000	0         	
2.392000	0         	2.392000	0         	2.392000	70.08     	2.392000	0         	
2.393000	0         	2.393000	0         	2.393000	70.08     	2.393000	0         	
2.394000	0         	2.394000	0         	2.394000	70.08     	2.394000	0         	
2.395000	0         	2.395000	0         	2.395000	70.08     	2.395000	0         	
2.396000	0         	2.396000	0         	2.396000	70.08     	2.396000	0         	
2.397000	0         	2.397000	0         	2.397000	70.08     	2.397000	0         	
2.398000	0         	2.398000	0         	2.398000	70.08     	2.398000	0         	
2.399000	0         	2.399000	0         	2.399000	70.08     	2.399000	0         	
2.400000	0         	2.400000	0         	2.400000	70.08     	2.400000	0         	
