Thickness of SUS flat deg [mm]1	(B-C) stopped in THIS detector	Thickness of SUS flat deg [mm]2	(C)   yield after THIS detector 	Thickness of SUS flat deg [mm]3	(A-B) stopped before THIS detector	Thickness of SUS flat deg [mm]4	(B)   yield before THIS detector	
1.900000	0         	1.900000	8.60893   	1.900000	0.727138  	1.900000	8.60893   	
1.901000	0         	1.901000	8.60857   	1.901000	0.727492  	1.901000	8.60857   	
1.902000	0         	1.902000	8.60822   	1.902000	0.727847  	1.902000	8.60822   	
1.903000	0         	1.903000	8.60786   	1.903000	0.728201  	1.903000	8.60786   	
1.904000	0         	1.904000	8.60751   	1.904000	0.728556  	1.904000	8.60751   	
1.905000	0         	1.905000	8.60715   	1.905000	0.72891   	1.905000	8.60715   	
1.906000	0         	1.906000	8.6068    	1.906000	0.729265  	1.906000	8.6068    	
1.907000	0         	1.907000	8.60644   	1.907000	0.729619  	1.907000	8.60644   	
1.908000	0         	1.908000	8.60609   	1.908000	0.729974  	1.908000	8.60609   	
1.909000	0         	1.909000	8.60574   	1.909000	0.730328  	1.909000	8.60574   	
1.910000	0         	1.910000	8.60538   	1.910000	0.730683  	1.910000	8.60538   	
1.911000	0         	1.911000	8.60503   	1.911000	0.731037  	1.911000	8.60503   	
1.912000	0         	1.912000	8.60467   	1.912000	0.731392  	1.912000	8.60467   	
1.913000	0         	1.913000	8.60432   	1.913000	0.731746  	1.913000	8.60432   	
1.914000	0         	1.914000	8.60396   	1.914000	0.7321    	1.914000	8.60396   	
1.915000	0         	1.915000	8.60361   	1.915000	0.732455  	1.915000	8.60361   	
1.916000	0         	1.916000	8.60325   	1.916000	0.732809  	1.916000	8.60325   	
1.917000	0         	1.917000	8.6029    	1.917000	0.733164  	1.917000	8.6029    	
1.918000	0         	1.918000	8.60255   	1.918000	0.733518  	1.918000	8.60255   	
1.919000	0         	1.919000	8.60219   	1.919000	0.733872  	1.919000	8.60219   	
1.920000	0         	1.920000	8.60184   	1.920000	0.734227  	1.920000	8.60184   	
1.921000	0         	1.921000	8.60148   	1.921000	0.734581  	1.921000	8.60148   	
1.922000	0         	1.922000	8.60113   	1.922000	0.734935  	1.922000	8.60113   	
1.923000	0         	1.923000	8.60077   	1.923000	0.735289  	1.923000	8.60077   	
1.924000	0         	1.924000	8.60042   	1.924000	0.735644  	1.924000	8.60042   	
1.925000	0         	1.925000	8.60007   	1.925000	0.735998  	1.925000	8.60007   	
1.926000	0         	1.926000	8.59971   	1.926000	0.736352  	1.926000	8.59971   	
1.927000	0         	1.927000	8.59936   	1.927000	0.736706  	1.927000	8.59936   	
1.928000	0         	1.928000	8.599     	1.928000	0.73706   	1.928000	8.599     	
1.929000	0         	1.929000	8.59865   	1.929000	0.737415  	1.929000	8.59865   	
1.930000	0         	1.930000	8.5983    	1.930000	0.737769  	1.930000	8.5983    	
1.931000	0         	1.931000	8.59794   	1.931000	0.738123  	1.931000	8.59794   	
1.932000	0         	1.932000	8.59759   	1.932000	0.738477  	1.932000	8.59759   	
1.933000	0         	1.933000	8.59723   	1.933000	0.738831  	1.933000	8.59723   	
1.934000	0         	1.934000	8.59688   	1.934000	0.739184  	1.934000	8.59688   	
1.935000	0         	1.935000	8.59653   	1.935000	0.739538  	1.935000	8.59653   	
1.936000	0         	1.936000	8.59617   	1.936000	0.739892  	1.936000	8.59617   	
1.937000	0         	1.937000	8.59582   	1.937000	0.740245  	1.937000	8.59582   	
1.938000	0         	1.938000	8.59547   	1.938000	0.740599  	1.938000	8.59547   	
1.939000	0         	1.939000	8.59511   	1.939000	0.740952  	1.939000	8.59511   	
1.940000	0         	1.940000	8.59476   	1.940000	0.741306  	1.940000	8.59476   	
1.941000	0         	1.941000	8.5944    	1.941000	0.741659  	1.941000	8.5944    	
1.942000	0         	1.942000	8.59405   	1.942000	0.742013  	1.942000	8.59405   	
1.943000	0         	1.943000	8.5937    	1.943000	0.742366  	1.943000	8.5937    	
1.944000	0         	1.944000	8.59334   	1.944000	0.742719  	1.944000	8.59334   	
1.945000	0         	1.945000	8.59299   	1.945000	0.743073  	1.945000	8.59299   	
1.946000	0         	1.946000	8.59264   	1.946000	0.743426  	1.946000	8.59264   	
1.947000	0         	1.947000	8.59228   	1.947000	0.743779  	1.947000	8.59228   	
1.948000	0         	1.948000	8.59193   	1.948000	0.744133  	1.948000	8.59193   	
1.949000	0         	1.949000	8.59158   	1.949000	0.744486  	1.949000	8.59158   	
1.950000	0         	1.950000	8.59122   	1.950000	0.744839  	1.950000	8.59122   	
1.951000	0         	1.951000	8.59087   	1.951000	0.745192  	1.951000	8.59087   	
1.952000	0         	1.952000	8.59052   	1.952000	0.745546  	1.952000	8.59052   	
1.953000	0         	1.953000	8.59016   	1.953000	0.745899  	1.953000	8.59016   	
1.954000	0         	1.954000	8.58981   	1.954000	0.746252  	1.954000	8.58981   	
1.955000	0         	1.955000	8.58946   	1.955000	0.746605  	1.955000	8.58946   	
1.956000	0         	1.956000	8.58911   	1.956000	0.746958  	1.956000	8.58911   	
1.957000	0         	1.957000	8.58875   	1.957000	0.747311  	1.957000	8.58875   	
1.958000	0         	1.958000	8.5884    	1.958000	0.747664  	1.958000	8.5884    	
1.959000	0         	1.959000	8.58805   	1.959000	0.748017  	1.959000	8.58805   	
1.960000	0         	1.960000	8.58769   	1.960000	0.748369  	1.960000	8.58769   	
1.961000	0         	1.961000	8.58734   	1.961000	0.748721  	1.961000	8.58734   	
1.962000	0         	1.962000	8.58699   	1.962000	0.749073  	1.962000	8.58699   	
1.963000	0         	1.963000	8.58664   	1.963000	0.749423  	1.963000	8.58664   	
1.964000	0         	1.964000	8.58629   	1.964000	0.749771  	1.964000	8.58629   	
1.965000	0         	1.965000	8.58594   	1.965000	0.750119  	1.965000	8.58594   	
1.966000	0         	1.966000	8.5856    	1.966000	0.750467  	1.966000	8.5856    	
1.967000	0         	1.967000	8.58525   	1.967000	0.750815  	1.967000	8.58525   	
1.968000	0         	1.968000	8.5849    	1.968000	0.751163  	1.968000	8.5849    	
1.969000	0         	1.969000	8.58455   	1.969000	0.751511  	1.969000	8.58455   	
1.970000	0         	1.970000	8.5842    	1.970000	0.751859  	1.970000	8.5842    	
1.971000	0         	1.971000	8.58386   	1.971000	0.752207  	1.971000	8.58386   	
1.972000	0         	1.972000	8.58351   	1.972000	0.752555  	1.972000	8.58351   	
1.973000	0         	1.973000	8.58316   	1.973000	0.752903  	1.973000	8.58316   	
1.974000	0         	1.974000	8.58281   	1.974000	0.75325   	1.974000	8.58281   	
1.975000	0         	1.975000	8.58247   	1.975000	0.753598  	1.975000	8.58247   	
1.976000	0         	1.976000	8.58212   	1.976000	0.753946  	1.976000	8.58212   	
1.977000	0         	1.977000	8.58177   	1.977000	0.754293  	1.977000	8.58177   	
1.978000	0         	1.978000	8.58142   	1.978000	0.754641  	1.978000	8.58142   	
1.979000	0         	1.979000	8.58108   	1.979000	0.754988  	1.979000	8.58108   	
1.980000	0         	1.980000	8.58073   	1.980000	0.755335  	1.980000	8.58073   	
1.981000	0         	1.981000	8.58038   	1.981000	0.755683  	1.981000	8.58038   	
1.982000	0         	1.982000	8.58003   	1.982000	0.75603   	1.982000	8.58003   	
1.983000	0         	1.983000	8.57969   	1.983000	0.756377  	1.983000	8.57969   	
1.984000	0         	1.984000	8.57934   	1.984000	0.756724  	1.984000	8.57934   	
1.985000	0         	1.985000	8.57899   	1.985000	0.757071  	1.985000	8.57899   	
1.986000	0         	1.986000	8.57865   	1.986000	0.757418  	1.986000	8.57865   	
1.987000	0         	1.987000	8.5783    	1.987000	0.757765  	1.987000	8.5783    	
1.988000	0         	1.988000	8.57795   	1.988000	0.758112  	1.988000	8.57795   	
1.989000	0         	1.989000	8.57761   	1.989000	0.758458  	1.989000	8.57761   	
1.990000	0         	1.990000	8.57726   	1.990000	0.758805  	1.990000	8.57726   	
1.991000	0         	1.991000	8.57691   	1.991000	0.759152  	1.991000	8.57691   	
1.992000	0         	1.992000	8.57657   	1.992000	0.759498  	1.992000	8.57657   	
1.993000	0         	1.993000	8.57622   	1.993000	0.759845  	1.993000	8.57622   	
1.994000	0         	1.994000	8.57587   	1.994000	0.760191  	1.994000	8.57587   	
1.995000	0         	1.995000	8.57553   	1.995000	0.760537  	1.995000	8.57553   	
1.996000	0         	1.996000	8.57518   	1.996000	0.760883  	1.996000	8.57518   	
1.997000	0         	1.997000	8.57483   	1.997000	0.76123   	1.997000	8.57483   	
1.998000	0         	1.998000	8.57449   	1.998000	0.761576  	1.998000	8.57449   	
1.999000	0         	1.999000	8.57414   	1.999000	0.761922  	1.999000	8.57414   	
2.000000	0         	2.000000	8.5738    	2.000000	0.762267  	2.000000	8.5738    	
2.001000	0         	2.001000	8.57345   	2.001000	0.762612  	2.001000	8.57345   	
2.002000	0         	2.002000	8.57311   	2.002000	0.762958  	2.002000	8.57311   	
2.003000	0         	2.003000	8.57276   	2.003000	0.763303  	2.003000	8.57276   	
2.004000	0         	2.004000	8.57242   	2.004000	0.763648  	2.004000	8.57242   	
2.005000	0         	2.005000	8.57207   	2.005000	0.763993  	2.005000	8.57207   	
2.006000	0         	2.006000	8.57173   	2.006000	0.764338  	2.006000	8.57173   	
2.007000	0         	2.007000	8.57138   	2.007000	0.764683  	2.007000	8.57138   	
2.008000	0         	2.008000	8.57104   	2.008000	0.765027  	2.008000	8.57104   	
2.009000	0         	2.009000	8.57069   	2.009000	0.765372  	2.009000	8.57069   	
2.010000	0         	2.010000	8.57035   	2.010000	0.765717  	2.010000	8.57035   	
2.011000	0         	2.011000	8.57      	2.011000	0.766061  	2.011000	8.57      	
2.012000	0         	2.012000	8.56966   	2.012000	0.766406  	2.012000	8.56966   	
2.013000	0         	2.013000	8.56931   	2.013000	0.76675   	2.013000	8.56931   	
2.014000	0         	2.014000	8.56897   	2.014000	0.767094  	2.014000	8.56897   	
2.015000	0         	2.015000	8.56863   	2.015000	0.767438  	2.015000	8.56863   	
2.016000	0         	2.016000	8.56828   	2.016000	0.767782  	2.016000	8.56828   	
2.017000	0         	2.017000	8.56794   	2.017000	0.768126  	2.017000	8.56794   	
2.018000	0         	2.018000	8.56759   	2.018000	0.76847   	2.018000	8.56759   	
2.019000	0         	2.019000	8.56725   	2.019000	0.768814  	2.019000	8.56725   	
2.020000	0         	2.020000	8.56691   	2.020000	0.769157  	2.020000	8.56691   	
2.021000	0         	2.021000	8.56656   	2.021000	0.769501  	2.021000	8.56656   	
2.022000	0         	2.022000	8.56622   	2.022000	0.769844  	2.022000	8.56622   	
2.023000	0         	2.023000	8.56588   	2.023000	0.770187  	2.023000	8.56588   	
2.024000	0         	2.024000	8.56553   	2.024000	0.77053   	2.024000	8.56553   	
2.025000	0         	2.025000	8.56519   	2.025000	0.770873  	2.025000	8.56519   	
2.026000	0         	2.026000	8.56485   	2.026000	0.771216  	2.026000	8.56485   	
2.027000	0         	2.027000	8.5645    	2.027000	0.771559  	2.027000	8.5645    	
2.028000	0         	2.028000	8.56416   	2.028000	0.771902  	2.028000	8.56416   	
2.029000	0         	2.029000	8.56382   	2.029000	0.772244  	2.029000	8.56382   	
2.030000	0         	2.030000	8.56348   	2.030000	0.772585  	2.030000	8.56348   	
2.031000	0         	2.031000	8.56314   	2.031000	0.772926  	2.031000	8.56314   	
2.032000	0         	2.032000	8.5628    	2.032000	0.773268  	2.032000	8.5628    	
2.033000	0         	2.033000	8.56246   	2.033000	0.773607  	2.033000	8.56246   	
2.034000	0         	2.034000	8.56212   	2.034000	0.773944  	2.034000	8.56212   	
2.035000	0         	2.035000	8.56178   	2.035000	0.774281  	2.035000	8.56178   	
2.036000	0         	2.036000	8.56145   	2.036000	0.774618  	2.036000	8.56145   	
2.037000	0         	2.037000	8.56111   	2.037000	0.774955  	2.037000	8.56111   	
2.038000	0         	2.038000	8.56077   	2.038000	0.775292  	2.038000	8.56077   	
2.039000	0         	2.039000	8.56044   	2.039000	0.775628  	2.039000	8.56044   	
2.040000	0         	2.040000	8.5601    	2.040000	0.775965  	2.040000	8.5601    	
2.041000	0         	2.041000	8.55976   	2.041000	0.776301  	2.041000	8.55976   	
2.042000	0         	2.042000	8.55943   	2.042000	0.776637  	2.042000	8.55943   	
2.043000	0         	2.043000	8.55909   	2.043000	0.776973  	2.043000	8.55909   	
2.044000	0         	2.044000	8.55876   	2.044000	0.777309  	2.044000	8.55876   	
2.045000	0         	2.045000	8.55842   	2.045000	0.777644  	2.045000	8.55842   	
2.046000	0         	2.046000	8.55808   	2.046000	0.777979  	2.046000	8.55808   	
2.047000	0         	2.047000	8.55775   	2.047000	0.778315  	2.047000	8.55775   	
2.048000	0         	2.048000	8.55741   	2.048000	0.77865   	2.048000	8.55741   	
2.049000	0         	2.049000	8.55708   	2.049000	0.778984  	2.049000	8.55708   	
2.050000	0         	2.050000	8.55674   	2.050000	0.779319  	2.050000	8.55674   	
2.051000	0         	2.051000	8.55641   	2.051000	0.779653  	2.051000	8.55641   	
2.052000	0         	2.052000	8.55608   	2.052000	0.779987  	2.052000	8.55608   	
2.053000	0         	2.053000	8.55574   	2.053000	0.780321  	2.053000	8.55574   	
2.054000	0         	2.054000	8.55541   	2.054000	0.780655  	2.054000	8.55541   	
2.055000	0         	2.055000	8.55507   	2.055000	0.780989  	2.055000	8.55507   	
2.056000	0         	2.056000	8.55474   	2.056000	0.781322  	2.056000	8.55474   	
2.057000	0         	2.057000	8.55441   	2.057000	0.781655  	2.057000	8.55441   	
2.058000	0         	2.058000	8.55408   	2.058000	0.781988  	2.058000	8.55408   	
2.059000	0         	2.059000	8.55374   	2.059000	0.782321  	2.059000	8.55374   	
2.060000	0         	2.060000	8.55341   	2.060000	0.782653  	2.060000	8.55341   	
2.061000	0         	2.061000	8.55308   	2.061000	0.782986  	2.061000	8.55308   	
2.062000	0         	2.062000	8.55275   	2.062000	0.783318  	2.062000	8.55275   	
2.063000	0         	2.063000	8.55241   	2.063000	0.783649  	2.063000	8.55241   	
2.064000	0         	2.064000	8.55208   	2.064000	0.783981  	2.064000	8.55208   	
2.065000	0         	2.065000	8.55175   	2.065000	0.784312  	2.065000	8.55175   	
2.066000	0         	2.066000	8.55142   	2.066000	0.784643  	2.066000	8.55142   	
2.067000	0         	2.067000	8.55109   	2.067000	0.784974  	2.067000	8.55109   	
2.068000	0         	2.068000	8.55076   	2.068000	0.785305  	2.068000	8.55076   	
2.069000	0         	2.069000	8.55043   	2.069000	0.785635  	2.069000	8.55043   	
2.070000	0         	2.070000	8.5501    	2.070000	0.785965  	2.070000	8.5501    	
2.071000	0         	2.071000	8.54977   	2.071000	0.786294  	2.071000	8.54977   	
2.072000	0         	2.072000	8.54944   	2.072000	0.786623  	2.072000	8.54944   	
2.073000	0         	2.073000	8.54911   	2.073000	0.786952  	2.073000	8.54911   	
2.074000	0         	2.074000	8.54878   	2.074000	0.78728   	2.074000	8.54878   	
2.075000	0         	2.075000	8.54846   	2.075000	0.787608  	2.075000	8.54846   	
2.076000	0         	2.076000	8.54813   	2.076000	0.787936  	2.076000	8.54813   	
2.077000	0         	2.077000	8.5478    	2.077000	0.788264  	2.077000	8.5478    	
2.078000	0         	2.078000	8.54747   	2.078000	0.788591  	2.078000	8.54747   	
2.079000	0         	2.079000	8.54715   	2.079000	0.788918  	2.079000	8.54715   	
2.080000	0         	2.080000	8.54682   	2.080000	0.789244  	2.080000	8.54682   	
2.081000	0         	2.081000	8.54649   	2.081000	0.78957   	2.081000	8.54649   	
2.082000	0         	2.082000	8.54617   	2.082000	0.789896  	2.082000	8.54617   	
2.083000	0         	2.083000	8.54584   	2.083000	0.790222  	2.083000	8.54584   	
2.084000	0         	2.084000	8.54552   	2.084000	0.790547  	2.084000	8.54552   	
2.085000	0         	2.085000	8.54519   	2.085000	0.790872  	2.085000	8.54519   	
2.086000	0         	2.086000	8.54487   	2.086000	0.791196  	2.086000	8.54487   	
2.087000	0         	2.087000	8.54454   	2.087000	0.79152   	2.087000	8.54454   	
2.088000	0         	2.088000	8.54422   	2.088000	0.791844  	2.088000	8.54422   	
2.089000	0         	2.089000	8.5439    	2.089000	0.792167  	2.089000	8.5439    	
2.090000	0         	2.090000	8.54357   	2.090000	0.79249   	2.090000	8.54357   	
2.091000	0         	2.091000	8.54325   	2.091000	0.792812  	2.091000	8.54325   	
2.092000	0         	2.092000	8.54293   	2.092000	0.793134  	2.092000	8.54293   	
2.093000	0         	2.093000	8.54261   	2.093000	0.793455  	2.093000	8.54261   	
2.094000	0         	2.094000	8.54229   	2.094000	0.793777  	2.094000	8.54229   	
2.095000	0         	2.095000	8.54197   	2.095000	0.794097  	2.095000	8.54197   	
2.096000	0         	2.096000	8.54165   	2.096000	0.794417  	2.096000	8.54165   	
2.097000	0         	2.097000	8.54133   	2.097000	0.794737  	2.097000	8.54133   	
2.098000	0         	2.098000	8.54101   	2.098000	0.795056  	2.098000	8.54101   	
2.099000	0         	2.099000	8.54069   	2.099000	0.795374  	2.099000	8.54069   	
2.100000	0         	2.100000	8.54037   	2.100000	0.795693  	2.100000	8.54037   	
2.101000	0         	2.101000	8.54005   	2.101000	0.79601   	2.101000	8.54005   	
2.102000	0         	2.102000	8.53974   	2.102000	0.796327  	2.102000	8.53974   	
2.103000	0         	2.103000	8.53942   	2.103000	0.796643  	2.103000	8.53942   	
2.104000	0         	2.104000	8.53911   	2.104000	0.796959  	2.104000	8.53911   	
2.105000	0         	2.105000	8.53879   	2.105000	0.797273  	2.105000	8.53879   	
2.106000	0         	2.106000	8.53848   	2.106000	0.797587  	2.106000	8.53848   	
2.107000	0         	2.107000	8.53816   	2.107000	0.7979    	2.107000	8.53816   	
2.108000	0         	2.108000	8.53785   	2.108000	0.798211  	2.108000	8.53785   	
2.109000	0         	2.109000	8.53754   	2.109000	0.798519  	2.109000	8.53754   	
2.110000	0         	2.110000	8.53724   	2.110000	0.798826  	2.110000	8.53724   	
2.111000	0         	2.111000	8.53693   	2.111000	0.799133  	2.111000	8.53693   	
2.112000	0         	2.112000	8.53662   	2.112000	0.799439  	2.112000	8.53662   	
2.113000	0         	2.113000	8.53632   	2.113000	0.799744  	2.113000	8.53632   	
2.114000	0         	2.114000	8.53602   	2.114000	0.800048  	2.114000	8.53602   	
2.115000	0         	2.115000	8.53571   	2.115000	0.800352  	2.115000	8.53571   	
2.116000	0         	2.116000	8.53541   	2.116000	0.800654  	2.116000	8.53541   	
2.117000	0         	2.117000	8.53511   	2.117000	0.800956  	2.117000	8.53511   	
2.118000	0         	2.118000	8.53481   	2.118000	0.801257  	2.118000	8.53481   	
2.119000	0         	2.119000	8.53451   	2.119000	0.801557  	2.119000	8.53451   	
2.120000	0         	2.120000	8.53421   	2.120000	0.801855  	2.120000	8.53421   	
2.121000	0         	2.121000	8.53391   	2.121000	0.802153  	2.121000	8.53391   	
2.122000	0         	2.122000	8.53361   	2.122000	0.80245   	2.122000	8.53361   	
2.123000	0         	2.123000	8.53332   	2.123000	0.802746  	2.123000	8.53332   	
2.124000	0         	2.124000	8.53302   	2.124000	0.803041  	2.124000	8.53302   	
2.125000	0         	2.125000	8.53273   	2.125000	0.803334  	2.125000	8.53273   	
2.126000	0         	2.126000	8.53244   	2.126000	0.803627  	2.126000	8.53244   	
2.127000	0         	2.127000	8.53215   	2.127000	0.803918  	2.127000	8.53215   	
2.128000	0         	2.128000	8.53186   	2.128000	0.804208  	2.128000	8.53186   	
2.129000	0         	2.129000	8.53157   	2.129000	0.804496  	2.129000	8.53157   	
2.130000	0         	2.130000	8.53128   	2.130000	0.804783  	2.130000	8.53128   	
2.131000	0         	2.131000	8.53099   	2.131000	0.805069  	2.131000	8.53099   	
2.132000	0         	2.132000	8.53071   	2.132000	0.805353  	2.132000	8.53071   	
2.133000	0         	2.133000	8.53043   	2.133000	0.805636  	2.133000	8.53043   	
2.134000	0         	2.134000	8.53015   	2.134000	0.805917  	2.134000	8.53015   	
2.135000	0         	2.135000	8.52987   	2.135000	0.806196  	2.135000	8.52987   	
2.136000	0         	2.136000	8.52959   	2.136000	0.806474  	2.136000	8.52959   	
2.137000	0         	2.137000	8.52931   	2.137000	0.806749  	2.137000	8.52931   	
2.138000	0         	2.138000	8.52904   	2.138000	0.807023  	2.138000	8.52904   	
2.139000	0         	2.139000	8.52877   	2.139000	0.807295  	2.139000	8.52877   	
2.140000	0         	2.140000	8.5285    	2.140000	0.807564  	2.140000	8.5285    	
2.141000	0         	2.141000	8.52823   	2.141000	0.807831  	2.141000	8.52823   	
2.142000	0         	2.142000	8.52797   	2.142000	0.808096  	2.142000	8.52797   	
2.143000	0         	2.143000	8.5277    	2.143000	0.808359  	2.143000	8.5277    	
2.144000	0         	2.144000	8.52745   	2.144000	0.808619  	2.144000	8.52745   	
2.145000	0         	2.145000	8.52719   	2.145000	0.808876  	2.145000	8.52719   	
2.146000	1.77341e-09	2.146000	8.52693   	2.146000	0.80913   	2.146000	8.52693   	
2.147000	4.97267e-06	2.147000	8.52668   	2.147000	0.809381  	2.147000	8.52668   	
2.148000	0.000221995	2.148000	8.52621   	2.148000	0.809636  	2.148000	8.52643   	
2.149000	0.000378963	2.149000	8.5258    	2.149000	0.809889  	2.149000	8.52617   	
2.150000	0.000727316	2.150000	8.52504   	2.150000	0.810294  	2.150000	8.52577   	
2.151000	0.00105103	2.151000	8.52414   	2.151000	0.810874  	2.151000	8.52519   	
2.152000	0.00167538	2.152000	8.52267   	2.152000	0.811719  	2.152000	8.52434   	
2.153000	0.00261643	2.153000	8.52058   	2.153000	0.812872  	2.153000	8.52319   	
2.154000	0.0040029 	2.154000	8.51752   	2.154000	0.814544  	2.154000	8.52152   	
2.155000	0.00600308	2.155000	8.51305   	2.155000	0.817012  	2.155000	8.51905   	
2.156000	0.00882579	2.156000	8.5066    	2.156000	0.820642  	2.156000	8.51542   	
2.157000	0.0127155 	2.157000	8.49742   	2.157000	0.82593   	2.157000	8.51013   	
2.158000	0.0179515 	2.158000	8.4846    	2.158000	0.833511  	2.158000	8.50255   	
2.159000	0.0248312 	2.159000	8.46705   	2.159000	0.84418   	2.159000	8.49188   	
2.160000	0.0336555 	2.160000	8.44353   	2.160000	0.858882  	2.160000	8.47718   	
2.161000	0.0447447 	2.161000	8.41251   	2.161000	0.878805  	2.161000	8.45726   	
2.162000	0.0583476 	2.162000	8.37262   	2.162000	0.905099  	2.162000	8.43096   	
2.163000	0.0746962 	2.163000	8.32218   	2.163000	0.939192  	2.163000	8.39687   	
2.164000	0.0937739 	2.164000	8.25986   	2.164000	0.982434  	2.164000	8.35363   	
2.165000	0.115584  	2.165000	8.1846    	2.165000	1.03588   	2.165000	8.30018   	
2.166000	0.140045  	2.166000	8.09542   	2.166000	1.1006    	2.166000	8.23547   	
2.167000	0.166758  	2.167000	7.99271   	2.167000	1.1766    	2.167000	8.15947   	
2.168000	0.195484  	2.168000	7.87706   	2.168000	1.26352   	2.168000	8.07254   	
2.169000	0.225726  	2.169000	7.75088   	2.169000	1.35945   	2.169000	7.97661   	
2.170000	0.256941  	2.170000	7.61905   	2.170000	1.46008   	2.170000	7.87599   	
2.171000	0.288678  	2.171000	7.48803   	2.171000	1.55935   	2.171000	7.77671   	
2.172000	0.320969  	2.172000	7.36474   	2.172000	1.65035   	2.172000	7.68571   	
2.173000	0.355251  	2.173000	7.24927   	2.173000	1.73154   	2.173000	7.60452   	
2.174000	0.390892  	2.174000	7.14357   	2.174000	1.8016    	2.174000	7.53446   	
2.175000	0.428724  	2.175000	7.06114   	2.175000	1.8462    	2.175000	7.48986   	
2.176000	0.469714  	2.176000	7.01348   	2.176000	1.85287   	2.176000	7.4832    	
2.177000	0.515885  	2.177000	7.00149   	2.177000	1.81869   	2.177000	7.51738   	
2.178000	0.572112  	2.178000	6.99785   	2.178000	1.7661    	2.178000	7.56996   	
2.179000	0.643528  	2.179000	6.97647   	2.179000	1.71607   	2.179000	7.61999   	
2.180000	0.734357  	2.180000	6.92965   	2.180000	1.67206   	2.180000	7.66401   	
2.181000	0.848264  	2.181000	6.82495   	2.181000	1.66285   	2.181000	7.67322   	
2.182000	0.965014  	2.182000	6.59515   	2.182000	1.7759    	2.182000	7.56016   	
2.183000	1.09464   	2.183000	6.23661   	2.183000	2.00482   	2.183000	7.33125   	
2.184000	1.15717   	2.184000	5.75524   	2.184000	2.42366   	2.184000	6.9124    	
2.185000	1.21123   	2.185000	5.13092   	2.185000	2.99391   	2.185000	6.34216   	
2.186000	1.24204   	2.186000	4.40649   	2.186000	3.68754   	2.186000	5.64852   	
2.187000	1.2567    	2.187000	3.61021   	2.187000	4.46915   	2.187000	4.86692   	
2.188000	1.25092   	2.188000	2.81778   	2.188000	5.26736   	2.188000	4.0687    	
2.189000	1.43439   	2.189000	1.02331   	2.189000	6.87837   	2.189000	2.4577    	
2.190000	1.34396   	2.190000	0.419061  	2.190000	7.57304   	2.190000	1.76302   	
2.191000	1.1331    	2.191000	0.0361891 	2.191000	8.16677   	2.191000	1.16929   	
2.192000	0.674095  	2.192000	0         	2.192000	8.66197   	2.192000	0.674095  	
2.193000	0.251986  	2.193000	0         	2.193000	9.08408   	2.193000	0.251986  	
2.194000	0.0634457 	2.194000	0         	2.194000	9.27262   	2.194000	0.0634457 	
2.195000	1.00051e-12	2.195000	0         	2.195000	9.33606   	2.195000	1.00051e-12	
2.196000	3.18773e-15	2.196000	0         	2.196000	9.33606   	2.196000	3.18773e-15	
2.197000	0.000690534	2.197000	0         	2.197000	9.33537   	2.197000	0.000690534	
2.198000	0         	2.198000	0         	2.198000	9.33606   	2.198000	0         	
2.199000	0         	2.199000	0         	2.199000	9.33606   	2.199000	0         	
2.200000	0         	2.200000	0         	2.200000	9.33606   	2.200000	0         	
2.201000	0         	2.201000	0         	2.201000	9.33606   	2.201000	0         	
2.202000	0         	2.202000	0         	2.202000	9.33606   	2.202000	0         	
2.203000	0         	2.203000	0         	2.203000	9.33606   	2.203000	0         	
2.204000	0         	2.204000	0         	2.204000	9.33606   	2.204000	0         	
2.205000	0         	2.205000	0         	2.205000	9.33606   	2.205000	0         	
2.206000	0         	2.206000	0         	2.206000	9.33606   	2.206000	0         	
2.207000	0         	2.207000	0         	2.207000	9.33606   	2.207000	0         	
2.208000	0         	2.208000	0         	2.208000	9.33606   	2.208000	0         	
2.209000	0         	2.209000	0         	2.209000	9.33606   	2.209000	0         	
2.210000	0         	2.210000	0         	2.210000	9.33606   	2.210000	0         	
2.211000	0         	2.211000	0         	2.211000	9.33606   	2.211000	0         	
2.212000	0         	2.212000	0         	2.212000	9.33606   	2.212000	0         	
2.213000	0         	2.213000	0         	2.213000	9.33606   	2.213000	0         	
2.214000	0         	2.214000	0         	2.214000	9.33606   	2.214000	0         	
2.215000	0         	2.215000	0         	2.215000	9.33606   	2.215000	0         	
2.216000	0         	2.216000	0         	2.216000	9.33606   	2.216000	0         	
2.217000	0         	2.217000	0         	2.217000	9.33606   	2.217000	0         	
2.218000	0         	2.218000	0         	2.218000	9.33606   	2.218000	0         	
2.219000	0         	2.219000	0         	2.219000	9.33606   	2.219000	0         	
2.220000	0         	2.220000	0         	2.220000	9.33606   	2.220000	0         	
2.221000	0         	2.221000	0         	2.221000	9.33606   	2.221000	0         	
2.222000	0         	2.222000	0         	2.222000	9.33606   	2.222000	0         	
2.223000	0         	2.223000	0         	2.223000	9.33606   	2.223000	0         	
2.224000	0         	2.224000	0         	2.224000	9.33606   	2.224000	0         	
2.225000	0         	2.225000	0         	2.225000	9.33606   	2.225000	0         	
2.226000	0         	2.226000	0         	2.226000	9.33606   	2.226000	0         	
2.227000	0         	2.227000	0         	2.227000	9.33606   	2.227000	0         	
2.228000	0         	2.228000	0         	2.228000	9.33606   	2.228000	0         	
2.229000	0         	2.229000	0         	2.229000	9.33606   	2.229000	0         	
2.230000	0         	2.230000	0         	2.230000	9.33606   	2.230000	0         	
2.231000	0         	2.231000	0         	2.231000	9.33606   	2.231000	0         	
2.232000	0         	2.232000	0         	2.232000	9.33606   	2.232000	0         	
2.233000	0         	2.233000	0         	2.233000	9.33606   	2.233000	0         	
2.234000	0         	2.234000	0         	2.234000	9.33606   	2.234000	0         	
2.235000	0         	2.235000	0         	2.235000	9.33606   	2.235000	0         	
2.236000	0         	2.236000	0         	2.236000	9.33606   	2.236000	0         	
2.237000	0         	2.237000	0         	2.237000	9.33606   	2.237000	0         	
2.238000	0         	2.238000	0         	2.238000	9.33606   	2.238000	0         	
2.239000	0         	2.239000	0         	2.239000	9.33606   	2.239000	0         	
2.240000	0         	2.240000	0         	2.240000	9.33606   	2.240000	0         	
2.241000	0         	2.241000	0         	2.241000	9.33606   	2.241000	0         	
2.242000	0         	2.242000	0         	2.242000	9.33606   	2.242000	0         	
2.243000	0         	2.243000	0         	2.243000	9.33606   	2.243000	0         	
2.244000	0         	2.244000	0         	2.244000	9.33606   	2.244000	0         	
2.245000	0         	2.245000	0         	2.245000	9.33606   	2.245000	0         	
2.246000	0         	2.246000	0         	2.246000	9.33606   	2.246000	0         	
2.247000	0         	2.247000	0         	2.247000	9.33606   	2.247000	0         	
2.248000	0         	2.248000	0         	2.248000	9.33606   	2.248000	0         	
2.249000	0         	2.249000	0         	2.249000	9.33606   	2.249000	0         	
2.250000	0         	2.250000	0         	2.250000	9.33606   	2.250000	0         	
2.251000	0         	2.251000	0         	2.251000	9.33606   	2.251000	0         	
2.252000	0         	2.252000	0         	2.252000	9.33606   	2.252000	0         	
2.253000	0         	2.253000	0         	2.253000	9.33606   	2.253000	0         	
2.254000	0         	2.254000	0         	2.254000	9.33606   	2.254000	0         	
2.255000	0         	2.255000	0         	2.255000	9.33606   	2.255000	0         	
2.256000	0         	2.256000	0         	2.256000	9.33606   	2.256000	0         	
2.257000	0         	2.257000	0         	2.257000	9.33606   	2.257000	0         	
2.258000	0         	2.258000	0         	2.258000	9.33606   	2.258000	0         	
2.259000	0         	2.259000	0         	2.259000	9.33606   	2.259000	0         	
2.260000	0         	2.260000	0         	2.260000	9.33606   	2.260000	0         	
2.261000	0         	2.261000	0         	2.261000	9.33606   	2.261000	0         	
2.262000	0         	2.262000	0         	2.262000	9.33606   	2.262000	0         	
2.263000	0         	2.263000	0         	2.263000	9.33606   	2.263000	0         	
2.264000	0         	2.264000	0         	2.264000	9.33606   	2.264000	0         	
2.265000	0         	2.265000	0         	2.265000	9.33606   	2.265000	0         	
2.266000	0         	2.266000	0         	2.266000	9.33606   	2.266000	0         	
2.267000	0         	2.267000	0         	2.267000	9.33606   	2.267000	0         	
2.268000	0         	2.268000	0         	2.268000	9.33606   	2.268000	0         	
2.269000	0         	2.269000	0         	2.269000	9.33606   	2.269000	0         	
2.270000	0         	2.270000	0         	2.270000	9.33606   	2.270000	0         	
2.271000	0         	2.271000	0         	2.271000	9.33606   	2.271000	0         	
2.272000	0         	2.272000	0         	2.272000	9.33606   	2.272000	0         	
2.273000	0         	2.273000	0         	2.273000	9.33606   	2.273000	0         	
2.274000	0         	2.274000	0         	2.274000	9.33606   	2.274000	0         	
2.275000	0         	2.275000	0         	2.275000	9.33606   	2.275000	0         	
2.276000	0         	2.276000	0         	2.276000	9.33606   	2.276000	0         	
2.277000	0         	2.277000	0         	2.277000	9.33606   	2.277000	0         	
2.278000	0         	2.278000	0         	2.278000	9.33606   	2.278000	0         	
2.279000	0         	2.279000	0         	2.279000	9.33606   	2.279000	0         	
2.280000	0         	2.280000	0         	2.280000	9.33606   	2.280000	0         	
2.281000	0         	2.281000	0         	2.281000	9.33606   	2.281000	0         	
2.282000	0         	2.282000	0         	2.282000	9.33606   	2.282000	0         	
2.283000	0         	2.283000	0         	2.283000	9.33606   	2.283000	0         	
2.284000	0         	2.284000	0         	2.284000	9.33606   	2.284000	0         	
2.285000	0         	2.285000	0         	2.285000	9.33606   	2.285000	0         	
2.286000	0         	2.286000	0         	2.286000	9.33606   	2.286000	0         	
2.287000	0         	2.287000	0         	2.287000	9.33606   	2.287000	0         	
2.288000	0         	2.288000	0         	2.288000	9.33606   	2.288000	0         	
2.289000	0         	2.289000	0         	2.289000	9.33606   	2.289000	0         	
2.290000	0         	2.290000	0         	2.290000	9.33606   	2.290000	0         	
2.291000	0         	2.291000	0         	2.291000	9.33606   	2.291000	0         	
2.292000	0         	2.292000	0         	2.292000	9.33606   	2.292000	0         	
2.293000	0         	2.293000	0         	2.293000	9.33606   	2.293000	0         	
2.294000	0         	2.294000	0         	2.294000	9.33606   	2.294000	0         	
2.295000	0         	2.295000	0         	2.295000	9.33606   	2.295000	0         	
2.296000	0         	2.296000	0         	2.296000	9.33606   	2.296000	0         	
2.297000	0         	2.297000	0         	2.297000	9.33606   	2.297000	0         	
2.298000	0         	2.298000	0         	2.298000	9.33606   	2.298000	0         	
2.299000	0         	2.299000	0         	2.299000	9.33606   	2.299000	0         	
2.300000	0         	2.300000	0         	2.300000	9.33606   	2.300000	0         	
2.301000	0         	2.301000	0         	2.301000	9.33606   	2.301000	0         	
2.302000	0         	2.302000	0         	2.302000	9.33606   	2.302000	0         	
2.303000	0         	2.303000	0         	2.303000	9.33606   	2.303000	0         	
2.304000	0         	2.304000	0         	2.304000	9.33606   	2.304000	0         	
2.305000	0         	2.305000	0         	2.305000	9.33606   	2.305000	0         	
2.306000	0         	2.306000	0         	2.306000	9.33606   	2.306000	0         	
2.307000	0         	2.307000	0         	2.307000	9.33606   	2.307000	0         	
2.308000	0         	2.308000	0         	2.308000	9.33606   	2.308000	0         	
2.309000	0         	2.309000	0         	2.309000	9.33606   	2.309000	0         	
2.310000	0         	2.310000	0         	2.310000	9.33606   	2.310000	0         	
2.311000	0         	2.311000	0         	2.311000	9.33606   	2.311000	0         	
2.312000	0         	2.312000	0         	2.312000	9.33606   	2.312000	0         	
2.313000	0         	2.313000	0         	2.313000	9.33606   	2.313000	0         	
2.314000	0         	2.314000	0         	2.314000	9.33606   	2.314000	0         	
2.315000	0         	2.315000	0         	2.315000	9.33606   	2.315000	0         	
2.316000	0         	2.316000	0         	2.316000	9.33606   	2.316000	0         	
2.317000	0         	2.317000	0         	2.317000	9.33606   	2.317000	0         	
2.318000	0         	2.318000	0         	2.318000	9.33606   	2.318000	0         	
2.319000	0         	2.319000	0         	2.319000	9.33606   	2.319000	0         	
2.320000	0         	2.320000	0         	2.320000	9.33606   	2.320000	0         	
2.321000	0         	2.321000	0         	2.321000	9.33606   	2.321000	0         	
2.322000	0         	2.322000	0         	2.322000	9.33606   	2.322000	0         	
2.323000	0         	2.323000	0         	2.323000	9.33606   	2.323000	0         	
2.324000	0         	2.324000	0         	2.324000	9.33606   	2.324000	0         	
2.325000	0         	2.325000	0         	2.325000	9.33606   	2.325000	0         	
2.326000	0         	2.326000	0         	2.326000	9.33606   	2.326000	0         	
2.327000	0         	2.327000	0         	2.327000	9.33606   	2.327000	0         	
2.328000	0         	2.328000	0         	2.328000	9.33606   	2.328000	0         	
2.329000	0         	2.329000	0         	2.329000	9.33606   	2.329000	0         	
2.330000	0         	2.330000	0         	2.330000	9.33606   	2.330000	0         	
2.331000	0         	2.331000	0         	2.331000	9.33606   	2.331000	0         	
2.332000	0         	2.332000	0         	2.332000	9.33606   	2.332000	0         	
2.333000	0         	2.333000	0         	2.333000	9.33606   	2.333000	0         	
2.334000	0         	2.334000	0         	2.334000	9.33606   	2.334000	0         	
2.335000	0         	2.335000	0         	2.335000	9.33606   	2.335000	0         	
2.336000	0         	2.336000	0         	2.336000	9.33606   	2.336000	0         	
2.337000	0         	2.337000	0         	2.337000	9.33606   	2.337000	0         	
2.338000	0         	2.338000	0         	2.338000	9.33606   	2.338000	0         	
2.339000	0         	2.339000	0         	2.339000	9.33606   	2.339000	0         	
2.340000	0         	2.340000	0         	2.340000	9.33606   	2.340000	0         	
2.341000	0         	2.341000	0         	2.341000	9.33606   	2.341000	0         	
2.342000	0         	2.342000	0         	2.342000	9.33606   	2.342000	0         	
2.343000	0         	2.343000	0         	2.343000	9.33606   	2.343000	0         	
2.344000	0         	2.344000	0         	2.344000	9.33606   	2.344000	0         	
2.345000	0         	2.345000	0         	2.345000	9.33606   	2.345000	0         	
2.346000	0         	2.346000	0         	2.346000	9.33606   	2.346000	0         	
2.347000	0         	2.347000	0         	2.347000	9.33606   	2.347000	0         	
2.348000	0         	2.348000	0         	2.348000	9.33606   	2.348000	0         	
2.349000	0         	2.349000	0         	2.349000	9.33606   	2.349000	0         	
2.350000	0         	2.350000	0         	2.350000	9.33606   	2.350000	0         	
2.351000	0         	2.351000	0         	2.351000	9.33606   	2.351000	0         	
2.352000	0         	2.352000	0         	2.352000	9.33606   	2.352000	0         	
2.353000	0         	2.353000	0         	2.353000	9.33606   	2.353000	0         	
2.354000	0         	2.354000	0         	2.354000	9.33606   	2.354000	0         	
2.355000	0         	2.355000	0         	2.355000	9.33606   	2.355000	0         	
2.356000	0         	2.356000	0         	2.356000	9.33606   	2.356000	0         	
2.357000	0         	2.357000	0         	2.357000	9.33606   	2.357000	0         	
2.358000	0         	2.358000	0         	2.358000	9.33606   	2.358000	0         	
2.359000	0         	2.359000	0         	2.359000	9.33606   	2.359000	0         	
2.360000	0         	2.360000	0         	2.360000	9.33606   	2.360000	0         	
2.361000	0         	2.361000	0         	2.361000	9.33606   	2.361000	0         	
2.362000	0         	2.362000	0         	2.362000	9.33606   	2.362000	0         	
2.363000	0         	2.363000	0         	2.363000	9.33606   	2.363000	0         	
2.364000	0         	2.364000	0         	2.364000	9.33606   	2.364000	0         	
2.365000	0         	2.365000	0         	2.365000	9.33606   	2.365000	0         	
2.366000	0         	2.366000	0         	2.366000	9.33606   	2.366000	0         	
2.367000	0         	2.367000	0         	2.367000	9.33606   	2.367000	0         	
2.368000	0         	2.368000	0         	2.368000	9.33606   	2.368000	0         	
2.369000	0         	2.369000	0         	2.369000	9.33606   	2.369000	0         	
2.370000	0         	2.370000	0         	2.370000	9.33606   	2.370000	0         	
2.371000	0         	2.371000	0         	2.371000	9.33606   	2.371000	0         	
2.372000	0         	2.372000	0         	2.372000	9.33606   	2.372000	0         	
2.373000	0         	2.373000	0         	2.373000	9.33606   	2.373000	0         	
2.374000	0         	2.374000	0         	2.374000	9.33606   	2.374000	0         	
2.375000	0         	2.375000	0         	2.375000	9.33606   	2.375000	0         	
2.376000	0         	2.376000	0         	2.376000	9.33606   	2.376000	0         	
2.377000	0         	2.377000	0         	2.377000	9.33606   	2.377000	0         	
2.378000	0         	2.378000	0         	2.378000	9.33606   	2.378000	0         	
2.379000	0         	2.379000	0         	2.379000	9.33606   	2.379000	0         	
2.380000	0         	2.380000	0         	2.380000	9.33606   	2.380000	0         	
2.381000	0         	2.381000	0         	2.381000	9.33606   	2.381000	0         	
2.382000	0         	2.382000	0         	2.382000	9.33606   	2.382000	0         	
2.383000	0         	2.383000	0         	2.383000	9.33606   	2.383000	0         	
2.384000	0         	2.384000	0         	2.384000	9.33606   	2.384000	0         	
2.385000	0         	2.385000	0         	2.385000	9.33606   	2.385000	0         	
2.386000	0         	2.386000	0         	2.386000	9.33606   	2.386000	0         	
2.387000	0         	2.387000	0         	2.387000	9.33606   	2.387000	0         	
2.388000	0         	2.388000	0         	2.388000	9.33606   	2.388000	0         	
2.389000	0         	2.389000	0         	2.389000	9.33606   	2.389000	0         	
2.390000	0         	2.390000	0         	2.390000	9.33606   	2.390000	0         	
2.391000	0         	2.391000	0         	2.391000	9.33606   	2.391000	0         	
2.392000	0         	2.392000	0         	2.392000	9.33606   	2.392000	0         	
2.393000	0         	2.393000	0         	2.393000	9.33606   	2.393000	0         	
2.394000	0         	2.394000	0         	2.394000	9.33606   	2.394000	0         	
2.395000	0         	2.395000	0         	2.395000	9.33606   	2.395000	0         	
2.396000	0         	2.396000	0         	2.396000	9.33606   	2.396000	0         	
2.397000	0         	2.397000	0         	2.397000	9.33606   	2.397000	0         	
2.398000	0         	2.398000	0         	2.398000	9.33606   	2.398000	0         	
2.399000	0         	2.399000	0         	2.399000	9.33606   	2.399000	0         	
2.400000	0         	2.400000	0         	2.400000	9.33606   	2.400000	0         	
