Thickness of SUS flat deg [mm]1	(B-C) stopped in THIS detector	Thickness of SUS flat deg [mm]2	(C)   yield after THIS detector 	Thickness of SUS flat deg [mm]3	(A-B) stopped before THIS detector	Thickness of SUS flat deg [mm]4	(B)   yield before THIS detector	
1.900000	0         	1.900000	119.286   	1.900000	10.0173   	1.900000	119.286   	
1.901000	0         	1.901000	119.281   	1.901000	10.0223   	1.901000	119.281   	
1.902000	0         	1.902000	119.276   	1.902000	10.0272   	1.902000	119.276   	
1.903000	0         	1.903000	119.271   	1.903000	10.0322   	1.903000	119.271   	
1.904000	0         	1.904000	119.266   	1.904000	10.0371   	1.904000	119.266   	
1.905000	0         	1.905000	119.261   	1.905000	10.0421   	1.905000	119.261   	
1.906000	0         	1.906000	119.256   	1.906000	10.047    	1.906000	119.256   	
1.907000	0         	1.907000	119.251   	1.907000	10.052    	1.907000	119.251   	
1.908000	0         	1.908000	119.246   	1.908000	10.0569   	1.908000	119.246   	
1.909000	0         	1.909000	119.241   	1.909000	10.0619   	1.909000	119.241   	
1.910000	0         	1.910000	119.236   	1.910000	10.0668   	1.910000	119.236   	
1.911000	0         	1.911000	119.231   	1.911000	10.0718   	1.911000	119.231   	
1.912000	0         	1.912000	119.226   	1.912000	10.0767   	1.912000	119.226   	
1.913000	0         	1.913000	119.221   	1.913000	10.0817   	1.913000	119.221   	
1.914000	0         	1.914000	119.216   	1.914000	10.0866   	1.914000	119.216   	
1.915000	0         	1.915000	119.211   	1.915000	10.0916   	1.915000	119.211   	
1.916000	0         	1.916000	119.207   	1.916000	10.0965   	1.916000	119.207   	
1.917000	0         	1.917000	119.202   	1.917000	10.1015   	1.917000	119.202   	
1.918000	0         	1.918000	119.197   	1.918000	10.1064   	1.918000	119.197   	
1.919000	0         	1.919000	119.192   	1.919000	10.1114   	1.919000	119.192   	
1.920000	0         	1.920000	119.187   	1.920000	10.1163   	1.920000	119.187   	
1.921000	0         	1.921000	119.182   	1.921000	10.1212   	1.921000	119.182   	
1.922000	0         	1.922000	119.177   	1.922000	10.1261   	1.922000	119.177   	
1.923000	0         	1.923000	119.172   	1.923000	10.131    	1.923000	119.172   	
1.924000	0         	1.924000	119.167   	1.924000	10.1359   	1.924000	119.167   	
1.925000	0         	1.925000	119.162   	1.925000	10.1408   	1.925000	119.162   	
1.926000	0         	1.926000	119.157   	1.926000	10.1457   	1.926000	119.157   	
1.927000	0         	1.927000	119.152   	1.927000	10.1506   	1.927000	119.152   	
1.928000	0         	1.928000	119.148   	1.928000	10.1555   	1.928000	119.148   	
1.929000	0         	1.929000	119.143   	1.929000	10.1603   	1.929000	119.143   	
1.930000	0         	1.930000	119.138   	1.930000	10.1652   	1.930000	119.138   	
1.931000	0         	1.931000	119.133   	1.931000	10.1701   	1.931000	119.133   	
1.932000	0         	1.932000	119.128   	1.932000	10.175    	1.932000	119.128   	
1.933000	0         	1.933000	119.123   	1.933000	10.1799   	1.933000	119.123   	
1.934000	0         	1.934000	119.118   	1.934000	10.1848   	1.934000	119.118   	
1.935000	0         	1.935000	119.113   	1.935000	10.1897   	1.935000	119.113   	
1.936000	0         	1.936000	119.109   	1.936000	10.1945   	1.936000	119.109   	
1.937000	0         	1.937000	119.104   	1.937000	10.1994   	1.937000	119.104   	
1.938000	0         	1.938000	119.099   	1.938000	10.2043   	1.938000	119.099   	
1.939000	0         	1.939000	119.094   	1.939000	10.2092   	1.939000	119.094   	
1.940000	0         	1.940000	119.089   	1.940000	10.2141   	1.940000	119.089   	
1.941000	0         	1.941000	119.084   	1.941000	10.219    	1.941000	119.084   	
1.942000	0         	1.942000	119.079   	1.942000	10.2239   	1.942000	119.079   	
1.943000	0         	1.943000	119.074   	1.943000	10.2287   	1.943000	119.074   	
1.944000	0         	1.944000	119.069   	1.944000	10.2336   	1.944000	119.069   	
1.945000	0         	1.945000	119.065   	1.945000	10.2385   	1.945000	119.065   	
1.946000	0         	1.946000	119.06    	1.946000	10.2434   	1.946000	119.06    	
1.947000	0         	1.947000	119.055   	1.947000	10.2483   	1.947000	119.055   	
1.948000	0         	1.948000	119.05    	1.948000	10.2532   	1.948000	119.05    	
1.949000	0         	1.949000	119.045   	1.949000	10.258    	1.949000	119.045   	
1.950000	0         	1.950000	119.04    	1.950000	10.2629   	1.950000	119.04    	
1.951000	0         	1.951000	119.035   	1.951000	10.2678   	1.951000	119.035   	
1.952000	0         	1.952000	119.03    	1.952000	10.2727   	1.952000	119.03    	
1.953000	0         	1.953000	119.025   	1.953000	10.2776   	1.953000	119.025   	
1.954000	0         	1.954000	119.021   	1.954000	10.2825   	1.954000	119.021   	
1.955000	0         	1.955000	119.016   	1.955000	10.2873   	1.955000	119.016   	
1.956000	0         	1.956000	119.011   	1.956000	10.2922   	1.956000	119.011   	
1.957000	0         	1.957000	119.006   	1.957000	10.2971   	1.957000	119.006   	
1.958000	0         	1.958000	119.001   	1.958000	10.302    	1.958000	119.001   	
1.959000	0         	1.959000	118.996   	1.959000	10.3069   	1.959000	118.996   	
1.960000	0         	1.960000	118.991   	1.960000	10.3117   	1.960000	118.991   	
1.961000	0         	1.961000	118.986   	1.961000	10.3166   	1.961000	118.986   	
1.962000	0         	1.962000	118.982   	1.962000	10.3215   	1.962000	118.982   	
1.963000	0         	1.963000	118.977   	1.963000	10.3263   	1.963000	118.977   	
1.964000	0         	1.964000	118.972   	1.964000	10.3312   	1.964000	118.972   	
1.965000	0         	1.965000	118.967   	1.965000	10.3361   	1.965000	118.967   	
1.966000	0         	1.966000	118.962   	1.966000	10.341    	1.966000	118.962   	
1.967000	0         	1.967000	118.957   	1.967000	10.3458   	1.967000	118.957   	
1.968000	0         	1.968000	118.952   	1.968000	10.3507   	1.968000	118.952   	
1.969000	0         	1.969000	118.947   	1.969000	10.3556   	1.969000	118.947   	
1.970000	0         	1.970000	118.943   	1.970000	10.3605   	1.970000	118.943   	
1.971000	0         	1.971000	118.938   	1.971000	10.3653   	1.971000	118.938   	
1.972000	0         	1.972000	118.933   	1.972000	10.3702   	1.972000	118.933   	
1.973000	0         	1.973000	118.928   	1.973000	10.3751   	1.973000	118.928   	
1.974000	0         	1.974000	118.923   	1.974000	10.3799   	1.974000	118.923   	
1.975000	0         	1.975000	118.918   	1.975000	10.3848   	1.975000	118.918   	
1.976000	0         	1.976000	118.913   	1.976000	10.3897   	1.976000	118.913   	
1.977000	0         	1.977000	118.909   	1.977000	10.3945   	1.977000	118.909   	
1.978000	0         	1.978000	118.904   	1.978000	10.3994   	1.978000	118.904   	
1.979000	0         	1.979000	118.899   	1.979000	10.4043   	1.979000	118.899   	
1.980000	0         	1.980000	118.894   	1.980000	10.4092   	1.980000	118.894   	
1.981000	0         	1.981000	118.889   	1.981000	10.414    	1.981000	118.889   	
1.982000	0         	1.982000	118.884   	1.982000	10.4189   	1.982000	118.884   	
1.983000	0         	1.983000	118.879   	1.983000	10.4238   	1.983000	118.879   	
1.984000	0         	1.984000	118.874   	1.984000	10.4286   	1.984000	118.874   	
1.985000	0         	1.985000	118.87    	1.985000	10.4335   	1.985000	118.87    	
1.986000	0         	1.986000	118.865   	1.986000	10.4383   	1.986000	118.865   	
1.987000	0         	1.987000	118.86    	1.987000	10.4432   	1.987000	118.86    	
1.988000	0         	1.988000	118.855   	1.988000	10.448    	1.988000	118.855   	
1.989000	0         	1.989000	118.85    	1.989000	10.4528   	1.989000	118.85    	
1.990000	0         	1.990000	118.845   	1.990000	10.4576   	1.990000	118.845   	
1.991000	0         	1.991000	118.841   	1.991000	10.4624   	1.991000	118.841   	
1.992000	0         	1.992000	118.836   	1.992000	10.4672   	1.992000	118.836   	
1.993000	0         	1.993000	118.831   	1.993000	10.472    	1.993000	118.831   	
1.994000	0         	1.994000	118.826   	1.994000	10.4768   	1.994000	118.826   	
1.995000	0         	1.995000	118.821   	1.995000	10.4816   	1.995000	118.821   	
1.996000	0         	1.996000	118.817   	1.996000	10.4863   	1.996000	118.817   	
1.997000	0         	1.997000	118.812   	1.997000	10.4911   	1.997000	118.812   	
1.998000	0         	1.998000	118.807   	1.998000	10.4959   	1.998000	118.807   	
1.999000	0         	1.999000	118.802   	1.999000	10.5007   	1.999000	118.802   	
2.000000	0         	2.000000	118.798   	2.000000	10.5055   	2.000000	118.798   	
2.001000	0         	2.001000	118.793   	2.001000	10.5103   	2.001000	118.793   	
2.002000	0         	2.002000	118.788   	2.002000	10.5151   	2.002000	118.788   	
2.003000	0         	2.003000	118.783   	2.003000	10.5199   	2.003000	118.783   	
2.004000	0         	2.004000	118.778   	2.004000	10.5247   	2.004000	118.778   	
2.005000	0         	2.005000	118.774   	2.005000	10.5295   	2.005000	118.774   	
2.006000	0         	2.006000	118.769   	2.006000	10.5342   	2.006000	118.769   	
2.007000	0         	2.007000	118.764   	2.007000	10.539    	2.007000	118.764   	
2.008000	0         	2.008000	118.759   	2.008000	10.5438   	2.008000	118.759   	
2.009000	0         	2.009000	118.754   	2.009000	10.5486   	2.009000	118.754   	
2.010000	0         	2.010000	118.75    	2.010000	10.5534   	2.010000	118.75    	
2.011000	0         	2.011000	118.745   	2.011000	10.5582   	2.011000	118.745   	
2.012000	0         	2.012000	118.74    	2.012000	10.5629   	2.012000	118.74    	
2.013000	0         	2.013000	118.735   	2.013000	10.5677   	2.013000	118.735   	
2.014000	0         	2.014000	118.731   	2.014000	10.5725   	2.014000	118.731   	
2.015000	0         	2.015000	118.726   	2.015000	10.5773   	2.015000	118.726   	
2.016000	0         	2.016000	118.721   	2.016000	10.5821   	2.016000	118.721   	
2.017000	0         	2.017000	118.716   	2.017000	10.5868   	2.017000	118.716   	
2.018000	0         	2.018000	118.711   	2.018000	10.5916   	2.018000	118.711   	
2.019000	0         	2.019000	118.707   	2.019000	10.5964   	2.019000	118.707   	
2.020000	0         	2.020000	118.702   	2.020000	10.6012   	2.020000	118.702   	
2.021000	0         	2.021000	118.697   	2.021000	10.6059   	2.021000	118.697   	
2.022000	0         	2.022000	118.692   	2.022000	10.6107   	2.022000	118.692   	
2.023000	0         	2.023000	118.688   	2.023000	10.6155   	2.023000	118.688   	
2.024000	0         	2.024000	118.683   	2.024000	10.6202   	2.024000	118.683   	
2.025000	0         	2.025000	118.678   	2.025000	10.625    	2.025000	118.678   	
2.026000	0         	2.026000	118.673   	2.026000	10.6297   	2.026000	118.673   	
2.027000	0         	2.027000	118.669   	2.027000	10.6345   	2.027000	118.669   	
2.028000	0         	2.028000	118.664   	2.028000	10.6393   	2.028000	118.664   	
2.029000	0         	2.029000	118.659   	2.029000	10.644    	2.029000	118.659   	
2.030000	0         	2.030000	118.654   	2.030000	10.6488   	2.030000	118.654   	
2.031000	0         	2.031000	118.65    	2.031000	10.6535   	2.031000	118.65    	
2.032000	0         	2.032000	118.645   	2.032000	10.6583   	2.032000	118.645   	
2.033000	0         	2.033000	118.64    	2.033000	10.663    	2.033000	118.64    	
2.034000	0         	2.034000	118.635   	2.034000	10.6678   	2.034000	118.635   	
2.035000	0         	2.035000	118.631   	2.035000	10.6725   	2.035000	118.631   	
2.036000	0         	2.036000	118.626   	2.036000	10.6773   	2.036000	118.626   	
2.037000	0         	2.037000	118.621   	2.037000	10.682    	2.037000	118.621   	
2.038000	0         	2.038000	118.616   	2.038000	10.6868   	2.038000	118.616   	
2.039000	0         	2.039000	118.612   	2.039000	10.6915   	2.039000	118.612   	
2.040000	0         	2.040000	118.607   	2.040000	10.6963   	2.040000	118.607   	
2.041000	0         	2.041000	118.602   	2.041000	10.701    	2.041000	118.602   	
2.042000	0         	2.042000	118.597   	2.042000	10.7057   	2.042000	118.597   	
2.043000	0         	2.043000	118.593   	2.043000	10.7105   	2.043000	118.593   	
2.044000	0         	2.044000	118.588   	2.044000	10.7152   	2.044000	118.588   	
2.045000	0         	2.045000	118.583   	2.045000	10.7199   	2.045000	118.583   	
2.046000	0         	2.046000	118.578   	2.046000	10.7247   	2.046000	118.578   	
2.047000	0         	2.047000	118.574   	2.047000	10.7294   	2.047000	118.574   	
2.048000	0         	2.048000	118.569   	2.048000	10.7341   	2.048000	118.569   	
2.049000	0         	2.049000	118.564   	2.049000	10.7389   	2.049000	118.564   	
2.050000	0         	2.050000	118.559   	2.050000	10.7436   	2.050000	118.559   	
2.051000	0         	2.051000	118.555   	2.051000	10.7483   	2.051000	118.555   	
2.052000	0         	2.052000	118.55    	2.052000	10.753    	2.052000	118.55    	
2.053000	0         	2.053000	118.545   	2.053000	10.7578   	2.053000	118.545   	
2.054000	0         	2.054000	118.541   	2.054000	10.7625   	2.054000	118.541   	
2.055000	0         	2.055000	118.536   	2.055000	10.7672   	2.055000	118.536   	
2.056000	0         	2.056000	118.531   	2.056000	10.7719   	2.056000	118.531   	
2.057000	0         	2.057000	118.526   	2.057000	10.7766   	2.057000	118.526   	
2.058000	0         	2.058000	118.522   	2.058000	10.7813   	2.058000	118.522   	
2.059000	0         	2.059000	118.517   	2.059000	10.786    	2.059000	118.517   	
2.060000	0         	2.060000	118.512   	2.060000	10.7906   	2.060000	118.512   	
2.061000	0         	2.061000	118.508   	2.061000	10.7952   	2.061000	118.508   	
2.062000	0         	2.062000	118.503   	2.062000	10.7999   	2.062000	118.503   	
2.063000	0         	2.063000	118.499   	2.063000	10.8045   	2.063000	118.499   	
2.064000	0         	2.064000	118.494   	2.064000	10.8092   	2.064000	118.494   	
2.065000	0         	2.065000	118.489   	2.065000	10.8138   	2.065000	118.489   	
2.066000	0         	2.066000	118.485   	2.066000	10.8184   	2.066000	118.485   	
2.067000	0         	2.067000	118.48    	2.067000	10.823    	2.067000	118.48    	
2.068000	0         	2.068000	118.475   	2.068000	10.8277   	2.068000	118.475   	
2.069000	0         	2.069000	118.471   	2.069000	10.8323   	2.069000	118.471   	
2.070000	0         	2.070000	118.466   	2.070000	10.8369   	2.070000	118.466   	
2.071000	0         	2.071000	118.462   	2.071000	10.8415   	2.071000	118.462   	
2.072000	0         	2.072000	118.457   	2.072000	10.8462   	2.072000	118.457   	
2.073000	0         	2.073000	118.452   	2.073000	10.8508   	2.073000	118.452   	
2.074000	0         	2.074000	118.448   	2.074000	10.8554   	2.074000	118.448   	
2.075000	0         	2.075000	118.443   	2.075000	10.86     	2.075000	118.443   	
2.076000	0         	2.076000	118.438   	2.076000	10.8646   	2.076000	118.438   	
2.077000	0         	2.077000	118.434   	2.077000	10.8692   	2.077000	118.434   	
2.078000	0         	2.078000	118.429   	2.078000	10.8738   	2.078000	118.429   	
2.079000	0         	2.079000	118.425   	2.079000	10.8784   	2.079000	118.425   	
2.080000	0         	2.080000	118.42    	2.080000	10.883    	2.080000	118.42    	
2.081000	0         	2.081000	118.415   	2.081000	10.8876   	2.081000	118.415   	
2.082000	0         	2.082000	118.411   	2.082000	10.8922   	2.082000	118.411   	
2.083000	0         	2.083000	118.406   	2.083000	10.8968   	2.083000	118.406   	
2.084000	0         	2.084000	118.402   	2.084000	10.9013   	2.084000	118.402   	
2.085000	0         	2.085000	118.397   	2.085000	10.9059   	2.085000	118.397   	
2.086000	0         	2.086000	118.393   	2.086000	10.9105   	2.086000	118.393   	
2.087000	0         	2.087000	118.388   	2.087000	10.9151   	2.087000	118.388   	
2.088000	0         	2.088000	118.383   	2.088000	10.9196   	2.088000	118.383   	
2.089000	0         	2.089000	118.379   	2.089000	10.9242   	2.089000	118.379   	
2.090000	0         	2.090000	118.374   	2.090000	10.9288   	2.090000	118.374   	
2.091000	0         	2.091000	118.37    	2.091000	10.9333   	2.091000	118.37    	
2.092000	0         	2.092000	118.365   	2.092000	10.9379   	2.092000	118.365   	
2.093000	0         	2.093000	118.361   	2.093000	10.9424   	2.093000	118.361   	
2.094000	0         	2.094000	118.356   	2.094000	10.947    	2.094000	118.356   	
2.095000	0         	2.095000	118.352   	2.095000	10.9515   	2.095000	118.352   	
2.096000	0         	2.096000	118.347   	2.096000	10.9561   	2.096000	118.347   	
2.097000	0         	2.097000	118.342   	2.097000	10.9606   	2.097000	118.342   	
2.098000	0         	2.098000	118.338   	2.098000	10.9651   	2.098000	118.338   	
2.099000	0         	2.099000	118.333   	2.099000	10.9696   	2.099000	118.333   	
2.100000	0         	2.100000	118.329   	2.100000	10.9742   	2.100000	118.329   	
2.101000	0         	2.101000	118.324   	2.101000	10.9787   	2.101000	118.324   	
2.102000	0         	2.102000	118.32    	2.102000	10.9832   	2.102000	118.32    	
2.103000	0         	2.103000	118.315   	2.103000	10.9877   	2.103000	118.315   	
2.104000	0         	2.104000	118.311   	2.104000	10.9922   	2.104000	118.311   	
2.105000	0         	2.105000	118.306   	2.105000	10.9967   	2.105000	118.306   	
2.106000	0         	2.106000	118.302   	2.106000	11.0012   	2.106000	118.302   	
2.107000	0         	2.107000	118.297   	2.107000	11.0057   	2.107000	118.297   	
2.108000	0         	2.108000	118.293   	2.108000	11.0101   	2.108000	118.293   	
2.109000	0         	2.109000	118.288   	2.109000	11.0146   	2.109000	118.288   	
2.110000	0         	2.110000	118.284   	2.110000	11.0191   	2.110000	118.284   	
2.111000	0         	2.111000	118.279   	2.111000	11.0236   	2.111000	118.279   	
2.112000	0         	2.112000	118.275   	2.112000	11.028    	2.112000	118.275   	
2.113000	0         	2.113000	118.271   	2.113000	11.0325   	2.113000	118.271   	
2.114000	0         	2.114000	118.266   	2.114000	11.0369   	2.114000	118.266   	
2.115000	0         	2.115000	118.262   	2.115000	11.0414   	2.115000	118.262   	
2.116000	0         	2.116000	118.257   	2.116000	11.0458   	2.116000	118.257   	
2.117000	0         	2.117000	118.253   	2.117000	11.0502   	2.117000	118.253   	
2.118000	0         	2.118000	118.248   	2.118000	11.0547   	2.118000	118.248   	
2.119000	0         	2.119000	118.244   	2.119000	11.0591   	2.119000	118.244   	
2.120000	0         	2.120000	118.24    	2.120000	11.0635   	2.120000	118.24    	
2.121000	0         	2.121000	118.235   	2.121000	11.0679   	2.121000	118.235   	
2.122000	0         	2.122000	118.231   	2.122000	11.0723   	2.122000	118.231   	
2.123000	0         	2.123000	118.226   	2.123000	11.0767   	2.123000	118.226   	
2.124000	0         	2.124000	118.222   	2.124000	11.0811   	2.124000	118.222   	
2.125000	0         	2.125000	118.218   	2.125000	11.0854   	2.125000	118.218   	
2.126000	0         	2.126000	118.213   	2.126000	11.0898   	2.126000	118.213   	
2.127000	0         	2.127000	118.209   	2.127000	11.0942   	2.127000	118.209   	
2.128000	0         	2.128000	118.205   	2.128000	11.0985   	2.128000	118.205   	
2.129000	0         	2.129000	118.2     	2.129000	11.1029   	2.129000	118.2     	
2.130000	0         	2.130000	118.196   	2.130000	11.1072   	2.130000	118.196   	
2.131000	0         	2.131000	118.192   	2.131000	11.1115   	2.131000	118.192   	
2.132000	0         	2.132000	118.187   	2.132000	11.1158   	2.132000	118.187   	
2.133000	0         	2.133000	118.183   	2.133000	11.1201   	2.133000	118.183   	
2.134000	0         	2.134000	118.179   	2.134000	11.1244   	2.134000	118.179   	
2.135000	0         	2.135000	118.174   	2.135000	11.1286   	2.135000	118.174   	
2.136000	0         	2.136000	118.17    	2.136000	11.1328   	2.136000	118.17    	
2.137000	0         	2.137000	118.166   	2.137000	11.1371   	2.137000	118.166   	
2.138000	0         	2.138000	118.162   	2.138000	11.1412   	2.138000	118.162   	
2.139000	0         	2.139000	118.158   	2.139000	11.1454   	2.139000	118.158   	
2.140000	0         	2.140000	118.153   	2.140000	11.1496   	2.140000	118.153   	
2.141000	0         	2.141000	118.149   	2.141000	11.1537   	2.141000	118.149   	
2.142000	0         	2.142000	118.145   	2.142000	11.1579   	2.142000	118.145   	
2.143000	0         	2.143000	118.141   	2.143000	11.162    	2.143000	118.141   	
2.144000	0         	2.144000	118.137   	2.144000	11.1661   	2.144000	118.137   	
2.145000	0         	2.145000	118.133   	2.145000	11.1702   	2.145000	118.133   	
2.146000	0         	2.146000	118.129   	2.146000	11.1743   	2.146000	118.129   	
2.147000	0         	2.147000	118.125   	2.147000	11.1784   	2.147000	118.125   	
2.148000	0         	2.148000	118.121   	2.148000	11.1825   	2.148000	118.121   	
2.149000	0         	2.149000	118.117   	2.149000	11.1865   	2.149000	118.117   	
2.150000	0         	2.150000	118.113   	2.150000	11.1905   	2.150000	118.113   	
2.151000	0         	2.151000	118.109   	2.151000	11.1945   	2.151000	118.109   	
2.152000	0         	2.152000	118.105   	2.152000	11.1985   	2.152000	118.105   	
2.153000	0         	2.153000	118.101   	2.153000	11.2025   	2.153000	118.101   	
2.154000	0         	2.154000	118.097   	2.154000	11.2065   	2.154000	118.097   	
2.155000	0         	2.155000	118.093   	2.155000	11.2104   	2.155000	118.093   	
2.156000	0         	2.156000	118.089   	2.156000	11.2143   	2.156000	118.089   	
2.157000	0         	2.157000	118.085   	2.157000	11.2182   	2.157000	118.085   	
2.158000	0         	2.158000	118.081   	2.158000	11.2221   	2.158000	118.081   	
2.159000	0         	2.159000	118.077   	2.159000	11.2259   	2.159000	118.077   	
2.160000	0         	2.160000	118.073   	2.160000	11.2297   	2.160000	118.073   	
2.161000	0         	2.161000	118.07    	2.161000	11.2335   	2.161000	118.07    	
2.162000	0         	2.162000	118.066   	2.162000	11.2373   	2.162000	118.066   	
2.163000	0         	2.163000	118.062   	2.163000	11.241    	2.163000	118.062   	
2.164000	0         	2.164000	118.058   	2.164000	11.2447   	2.164000	118.058   	
2.165000	0         	2.165000	118.055   	2.165000	11.2484   	2.165000	118.055   	
2.166000	0         	2.166000	118.051   	2.166000	11.252    	2.166000	118.051   	
2.167000	0         	2.167000	118.047   	2.167000	11.2556   	2.167000	118.047   	
2.168000	0         	2.168000	118.044   	2.168000	11.2592   	2.168000	118.044   	
2.169000	0         	2.169000	118.04    	2.169000	11.2627   	2.169000	118.04    	
2.170000	0         	2.170000	118.037   	2.170000	11.2662   	2.170000	118.037   	
2.171000	0         	2.171000	118.033   	2.171000	11.2697   	2.171000	118.033   	
2.172000	0.000113074	2.172000	118.03    	2.172000	11.2731   	2.172000	118.03    	
2.173000	0.00132516	2.173000	118.025   	2.173000	11.2764   	2.173000	118.027   	
2.174000	0.00353272	2.174000	118.018   	2.174000	11.2814   	2.174000	118.022   	
2.175000	0.00636341	2.175000	118.011   	2.175000	11.2859   	2.175000	118.017   	
2.176000	0.0110153 	2.176000	118       	2.176000	11.2919   	2.176000	118.011   	
2.177000	0.0189633 	2.177000	117.984   	2.177000	11.3004   	2.177000	118.003   	
2.178000	0.0314845 	2.178000	117.959   	2.178000	11.3126   	2.178000	117.99    	
2.179000	0.050489  	2.179000	117.921   	2.179000	11.3311   	2.179000	117.972   	
2.180000	0.0784739 	2.180000	117.865   	2.180000	11.3593   	2.180000	117.944   	
2.181000	0.118655  	2.181000	117.782   	2.181000	11.4019   	2.181000	117.901   	
2.182000	0.173907  	2.182000	117.664   	2.182000	11.4655   	2.182000	117.838   	
2.183000	0.249396  	2.183000	117.495   	2.183000	11.5583   	2.183000	117.745   	
2.184000	0.352622  	2.184000	117.26    	2.184000	11.6909   	2.184000	117.612   	
2.185000	0.488485  	2.185000	116.939   	2.185000	11.8756   	2.185000	117.427   	
2.186000	0.659129  	2.186000	116.516   	2.186000	12.1284   	2.186000	117.175   	
2.187000	0.867585  	2.187000	115.97    	2.187000	12.4651   	2.187000	116.838   	
2.188000	1.11847   	2.188000	115.281   	2.188000	12.9031   	2.188000	116.4     	
2.189000	1.41351   	2.189000	114.432   	2.189000	13.4576   	2.189000	115.845   	
2.190000	1.75351   	2.190000	113.409   	2.190000	14.1407   	2.190000	115.162   	
2.191000	2.13929   	2.191000	112.209   	2.191000	14.9547   	2.191000	114.348   	
2.192000	2.56334   	2.192000	110.848   	2.192000	15.8916   	2.192000	113.411   	
2.193000	3.02498   	2.193000	109.346   	2.193000	16.9319   	2.193000	112.371   	
2.194000	3.51823   	2.194000	107.746   	2.194000	18.0393   	2.194000	111.264   	
2.195000	4.04735   	2.195000	106.076   	2.195000	19.1796   	2.195000	110.123   	
2.196000	4.61335   	2.196000	104.411   	2.196000	20.2791   	2.196000	109.024   	
2.197000	5.22028   	2.197000	102.822   	2.197000	21.2611   	2.197000	108.042   	
2.198000	5.88569   	2.198000	101.393   	2.198000	22.024    	2.198000	107.279   	
2.199000	6.62744   	2.199000	100.151   	2.199000	22.5247   	2.199000	106.778   	
2.200000	7.47517   	2.200000	99.0227   	2.200000	22.8052   	2.200000	106.498   	
2.201000	8.44437   	2.201000	97.9362   	2.201000	22.9225   	2.201000	106.381   	
2.202000	9.52729   	2.202000	96.7955   	2.202000	22.9803   	2.202000	106.323   	
2.203000	10.7272   	2.203000	95.2746   	2.203000	23.3012   	2.203000	106.002   	
2.204000	11.9741   	2.204000	93.235    	2.204000	24.0939   	2.204000	105.209   	
2.205000	13.0754   	2.205000	90.3175   	2.205000	25.9102   	2.205000	103.393   	
2.206000	14.0706   	2.206000	86.4276   	2.206000	28.8048   	2.206000	100.498   	
2.207000	14.873    	2.207000	81.512    	2.207000	32.918    	2.207000	96.385    	
2.208000	15.6476   	2.208000	75.4975   	2.208000	38.158    	2.208000	91.1451   	
2.209000	16.2155   	2.209000	68.7639   	2.209000	44.3237   	2.209000	84.9794   	
2.210000	16.2798   	2.210000	61.7902   	2.210000	51.233    	2.210000	78.07     	
2.211000	15.1233   	2.211000	55.3951   	2.211000	58.7847   	2.211000	70.5184   	
2.212000	13.9397   	2.212000	46.7794   	2.212000	68.5839   	2.212000	60.7191   	
2.213000	13.222    	2.213000	34.7193   	2.213000	81.3617   	2.213000	47.9414   	
2.214000	12.2548   	2.214000	25.4938   	2.214000	91.5545   	2.214000	37.7486   	
2.215000	10.9199   	2.215000	19.7545   	2.215000	98.6286   	2.215000	30.6745   	
2.216000	9.8078    	2.216000	15.2332   	2.216000	104.262   	2.216000	25.041    	
2.217000	9.29316   	2.217000	12.0607   	2.217000	107.949   	2.217000	21.3539   	
2.218000	8.21908   	2.218000	10.7287   	2.218000	110.355   	2.218000	18.9478   	
2.219000	7.68293   	2.219000	9.73871   	2.219000	111.881   	2.219000	17.4216   	
2.220000	7.25658   	2.220000	9.02189   	2.220000	113.025   	2.220000	16.2785   	
2.221000	6.58741   	2.221000	8.78206   	2.221000	113.934   	2.221000	15.3695   	
2.222000	6.00073   	2.222000	8.43299   	2.222000	114.869   	2.222000	14.4337   	
2.223000	5.57186   	2.223000	8.00035   	2.223000	115.731   	2.223000	13.5722   	
2.224000	5.1129    	2.224000	7.57207   	2.224000	116.618   	2.224000	12.685    	
2.225000	4.60572   	2.225000	7.06968   	2.225000	117.628   	2.225000	11.6754   	
2.226000	4.13116   	2.226000	6.55217   	2.226000	118.62    	2.226000	10.6833   	
2.227000	3.7147    	2.227000	5.93088   	2.227000	119.657   	2.227000	9.64558   	
2.228000	3.30478   	2.228000	5.31257   	2.228000	120.686   	2.228000	8.61736   	
2.229000	2.9047    	2.229000	4.70023   	2.229000	121.698   	2.229000	7.60493   	
2.230000	2.52471   	2.230000	4.10524   	2.230000	122.673   	2.230000	6.62994   	
2.231000	2.18401   	2.231000	3.53718   	2.231000	123.582   	2.231000	5.72119   	
2.232000	1.86882   	2.232000	3.00129   	2.232000	124.433   	2.232000	4.87011   	
2.233000	1.58288   	2.233000	2.52439   	2.233000	125.196   	2.233000	4.10727   	
2.234000	1.32592   	2.234000	2.09698   	2.234000	125.88    	2.234000	3.4229    	
2.235000	1.10451   	2.235000	1.72267   	2.235000	126.476   	2.235000	2.82718   	
2.236000	0.91043   	2.236000	1.40301   	2.236000	126.99    	2.236000	2.31344   	
2.237000	0.742206  	2.237000	1.13016   	2.237000	127.431   	2.237000	1.87236   	
2.238000	0.600871  	2.238000	0.901719  	2.238000	127.8     	2.238000	1.50259   	
2.239000	0.482694  	2.239000	0.714449  	2.239000	128.106   	2.239000	1.19714   	
2.240000	0.384701  	2.240000	0.560477  	2.240000	128.358   	2.240000	0.945178  	
2.241000	0.30554   	2.241000	0.435576  	2.241000	128.562   	2.241000	0.741116  	
2.242000	0.239775  	2.242000	0.336735  	2.242000	128.727   	2.242000	0.57651   	
2.243000	0.187538  	2.243000	0.258613  	2.243000	128.857   	2.243000	0.446151  	
2.244000	0.14594   	2.244000	0.197946  	2.244000	128.959   	2.244000	0.343886  	
2.245000	0.112782  	2.245000	0.150256  	2.245000	129.04    	2.245000	0.263038  	
2.246000	0.0863043 	2.246000	0.114559  	2.246000	129.102   	2.246000	0.200864  	
2.247000	0.00064464	2.247000	0.000178087	2.247000	129.302   	2.247000	0.000822727	
2.248000	0.000676625	2.248000	2.25082e-08	2.248000	129.302   	2.248000	0.000676647	
2.249000	0.000340946	2.249000	1.48087e-13	2.249000	129.303   	2.249000	0.000340946	
2.250000	0.000421952	2.250000	0         	2.250000	129.303   	2.250000	0.000421952	
2.251000	3.90962e-10	2.251000	0         	2.251000	129.303   	2.251000	3.90962e-10	
2.252000	2.60516e-14	2.252000	0         	2.252000	129.303   	2.252000	2.60516e-14	
2.253000	5.47277e-17	2.253000	0         	2.253000	129.303   	2.253000	5.47277e-17	
2.254000	1.06338e-05	2.254000	0         	2.254000	129.303   	2.254000	1.06338e-05	
2.255000	1.09402e-07	2.255000	0         	2.255000	129.303   	2.255000	1.09402e-07	
2.256000	0         	2.256000	0         	2.256000	129.303   	2.256000	0         	
2.257000	0         	2.257000	0         	2.257000	129.303   	2.257000	0         	
2.258000	0         	2.258000	0         	2.258000	129.303   	2.258000	0         	
2.259000	0         	2.259000	0         	2.259000	129.303   	2.259000	0         	
2.260000	0         	2.260000	0         	2.260000	129.303   	2.260000	0         	
2.261000	0         	2.261000	0         	2.261000	129.303   	2.261000	0         	
2.262000	0         	2.262000	0         	2.262000	129.303   	2.262000	0         	
2.263000	0         	2.263000	0         	2.263000	129.303   	2.263000	0         	
2.264000	0         	2.264000	0         	2.264000	129.303   	2.264000	0         	
2.265000	0         	2.265000	0         	2.265000	129.303   	2.265000	0         	
2.266000	0         	2.266000	0         	2.266000	129.303   	2.266000	0         	
2.267000	0         	2.267000	0         	2.267000	129.303   	2.267000	0         	
2.268000	0         	2.268000	0         	2.268000	129.303   	2.268000	0         	
2.269000	0         	2.269000	0         	2.269000	129.303   	2.269000	0         	
2.270000	0         	2.270000	0         	2.270000	129.303   	2.270000	0         	
2.271000	0         	2.271000	0         	2.271000	129.303   	2.271000	0         	
2.272000	0         	2.272000	0         	2.272000	129.303   	2.272000	0         	
2.273000	0         	2.273000	0         	2.273000	129.303   	2.273000	0         	
2.274000	0         	2.274000	0         	2.274000	129.303   	2.274000	0         	
2.275000	0         	2.275000	0         	2.275000	129.303   	2.275000	0         	
2.276000	0         	2.276000	0         	2.276000	129.303   	2.276000	0         	
2.277000	0         	2.277000	0         	2.277000	129.303   	2.277000	0         	
2.278000	0         	2.278000	0         	2.278000	129.303   	2.278000	0         	
2.279000	0         	2.279000	0         	2.279000	129.303   	2.279000	0         	
2.280000	0         	2.280000	0         	2.280000	129.303   	2.280000	0         	
2.281000	0         	2.281000	0         	2.281000	129.303   	2.281000	0         	
2.282000	0         	2.282000	0         	2.282000	129.303   	2.282000	0         	
2.283000	0         	2.283000	0         	2.283000	129.303   	2.283000	0         	
2.284000	0         	2.284000	0         	2.284000	129.303   	2.284000	0         	
2.285000	0         	2.285000	0         	2.285000	129.303   	2.285000	0         	
2.286000	0         	2.286000	0         	2.286000	129.303   	2.286000	0         	
2.287000	0         	2.287000	0         	2.287000	129.303   	2.287000	0         	
2.288000	0         	2.288000	0         	2.288000	129.303   	2.288000	0         	
2.289000	0         	2.289000	0         	2.289000	129.303   	2.289000	0         	
2.290000	0         	2.290000	0         	2.290000	129.303   	2.290000	0         	
2.291000	0         	2.291000	0         	2.291000	129.303   	2.291000	0         	
2.292000	0         	2.292000	0         	2.292000	129.303   	2.292000	0         	
2.293000	0         	2.293000	0         	2.293000	129.303   	2.293000	0         	
2.294000	0         	2.294000	0         	2.294000	129.303   	2.294000	0         	
2.295000	0         	2.295000	0         	2.295000	129.303   	2.295000	0         	
2.296000	0         	2.296000	0         	2.296000	129.303   	2.296000	0         	
2.297000	0         	2.297000	0         	2.297000	129.303   	2.297000	0         	
2.298000	0         	2.298000	0         	2.298000	129.303   	2.298000	0         	
2.299000	0         	2.299000	0         	2.299000	129.303   	2.299000	0         	
2.300000	0         	2.300000	0         	2.300000	129.303   	2.300000	0         	
2.301000	0         	2.301000	0         	2.301000	129.303   	2.301000	0         	
2.302000	0         	2.302000	0         	2.302000	129.303   	2.302000	0         	
2.303000	0         	2.303000	0         	2.303000	129.303   	2.303000	0         	
2.304000	0         	2.304000	0         	2.304000	129.303   	2.304000	0         	
2.305000	0         	2.305000	0         	2.305000	129.303   	2.305000	0         	
2.306000	0         	2.306000	0         	2.306000	129.303   	2.306000	0         	
2.307000	0         	2.307000	0         	2.307000	129.303   	2.307000	0         	
2.308000	0         	2.308000	0         	2.308000	129.303   	2.308000	0         	
2.309000	0         	2.309000	0         	2.309000	129.303   	2.309000	0         	
2.310000	0         	2.310000	0         	2.310000	129.303   	2.310000	0         	
2.311000	0         	2.311000	0         	2.311000	129.303   	2.311000	0         	
2.312000	0         	2.312000	0         	2.312000	129.303   	2.312000	0         	
2.313000	0         	2.313000	0         	2.313000	129.303   	2.313000	0         	
2.314000	0         	2.314000	0         	2.314000	129.303   	2.314000	0         	
2.315000	0         	2.315000	0         	2.315000	129.303   	2.315000	0         	
2.316000	0         	2.316000	0         	2.316000	129.303   	2.316000	0         	
2.317000	0         	2.317000	0         	2.317000	129.303   	2.317000	0         	
2.318000	0         	2.318000	0         	2.318000	129.303   	2.318000	0         	
2.319000	0         	2.319000	0         	2.319000	129.303   	2.319000	0         	
2.320000	0         	2.320000	0         	2.320000	129.303   	2.320000	0         	
2.321000	0         	2.321000	0         	2.321000	129.303   	2.321000	0         	
2.322000	0         	2.322000	0         	2.322000	129.303   	2.322000	0         	
2.323000	0         	2.323000	0         	2.323000	129.303   	2.323000	0         	
2.324000	0         	2.324000	0         	2.324000	129.303   	2.324000	0         	
2.325000	0         	2.325000	0         	2.325000	129.303   	2.325000	0         	
2.326000	0         	2.326000	0         	2.326000	129.303   	2.326000	0         	
2.327000	0         	2.327000	0         	2.327000	129.303   	2.327000	0         	
2.328000	0         	2.328000	0         	2.328000	129.303   	2.328000	0         	
2.329000	0         	2.329000	0         	2.329000	129.303   	2.329000	0         	
2.330000	0         	2.330000	0         	2.330000	129.303   	2.330000	0         	
2.331000	0         	2.331000	0         	2.331000	129.303   	2.331000	0         	
2.332000	0         	2.332000	0         	2.332000	129.303   	2.332000	0         	
2.333000	0         	2.333000	0         	2.333000	129.303   	2.333000	0         	
2.334000	0         	2.334000	0         	2.334000	129.303   	2.334000	0         	
2.335000	0         	2.335000	0         	2.335000	129.303   	2.335000	0         	
2.336000	0         	2.336000	0         	2.336000	129.303   	2.336000	0         	
2.337000	0         	2.337000	0         	2.337000	129.303   	2.337000	0         	
2.338000	0         	2.338000	0         	2.338000	129.303   	2.338000	0         	
2.339000	0         	2.339000	0         	2.339000	129.303   	2.339000	0         	
2.340000	0         	2.340000	0         	2.340000	129.303   	2.340000	0         	
2.341000	0         	2.341000	0         	2.341000	129.303   	2.341000	0         	
2.342000	0         	2.342000	0         	2.342000	129.303   	2.342000	0         	
2.343000	0         	2.343000	0         	2.343000	129.303   	2.343000	0         	
2.344000	0         	2.344000	0         	2.344000	129.303   	2.344000	0         	
2.345000	0         	2.345000	0         	2.345000	129.303   	2.345000	0         	
2.346000	0         	2.346000	0         	2.346000	129.303   	2.346000	0         	
2.347000	0         	2.347000	0         	2.347000	129.303   	2.347000	0         	
2.348000	0         	2.348000	0         	2.348000	129.303   	2.348000	0         	
2.349000	0         	2.349000	0         	2.349000	129.303   	2.349000	0         	
2.350000	0         	2.350000	0         	2.350000	129.303   	2.350000	0         	
2.351000	0         	2.351000	0         	2.351000	129.303   	2.351000	0         	
2.352000	0         	2.352000	0         	2.352000	129.303   	2.352000	0         	
2.353000	0         	2.353000	0         	2.353000	129.303   	2.353000	0         	
2.354000	0         	2.354000	0         	2.354000	129.303   	2.354000	0         	
2.355000	0         	2.355000	0         	2.355000	129.303   	2.355000	0         	
2.356000	0         	2.356000	0         	2.356000	129.303   	2.356000	0         	
2.357000	0         	2.357000	0         	2.357000	129.303   	2.357000	0         	
2.358000	0         	2.358000	0         	2.358000	129.303   	2.358000	0         	
2.359000	0         	2.359000	0         	2.359000	129.303   	2.359000	0         	
2.360000	0         	2.360000	0         	2.360000	129.303   	2.360000	0         	
2.361000	0         	2.361000	0         	2.361000	129.303   	2.361000	0         	
2.362000	0         	2.362000	0         	2.362000	129.303   	2.362000	0         	
2.363000	0         	2.363000	0         	2.363000	129.303   	2.363000	0         	
2.364000	0         	2.364000	0         	2.364000	129.303   	2.364000	0         	
2.365000	0         	2.365000	0         	2.365000	129.303   	2.365000	0         	
2.366000	0         	2.366000	0         	2.366000	129.303   	2.366000	0         	
2.367000	0         	2.367000	0         	2.367000	129.303   	2.367000	0         	
2.368000	0         	2.368000	0         	2.368000	129.303   	2.368000	0         	
2.369000	0         	2.369000	0         	2.369000	129.303   	2.369000	0         	
2.370000	0         	2.370000	0         	2.370000	129.303   	2.370000	0         	
2.371000	0         	2.371000	0         	2.371000	129.303   	2.371000	0         	
2.372000	0         	2.372000	0         	2.372000	129.303   	2.372000	0         	
2.373000	0         	2.373000	0         	2.373000	129.303   	2.373000	0         	
2.374000	0         	2.374000	0         	2.374000	129.303   	2.374000	0         	
2.375000	0         	2.375000	0         	2.375000	129.303   	2.375000	0         	
2.376000	0         	2.376000	0         	2.376000	129.303   	2.376000	0         	
2.377000	0         	2.377000	0         	2.377000	129.303   	2.377000	0         	
2.378000	0         	2.378000	0         	2.378000	129.303   	2.378000	0         	
2.379000	0         	2.379000	0         	2.379000	129.303   	2.379000	0         	
2.380000	0         	2.380000	0         	2.380000	129.303   	2.380000	0         	
2.381000	0         	2.381000	0         	2.381000	129.303   	2.381000	0         	
2.382000	0         	2.382000	0         	2.382000	129.303   	2.382000	0         	
2.383000	0         	2.383000	0         	2.383000	129.303   	2.383000	0         	
2.384000	0         	2.384000	0         	2.384000	129.303   	2.384000	0         	
2.385000	0         	2.385000	0         	2.385000	129.303   	2.385000	0         	
2.386000	0         	2.386000	0         	2.386000	129.303   	2.386000	0         	
2.387000	0         	2.387000	0         	2.387000	129.303   	2.387000	0         	
2.388000	0         	2.388000	0         	2.388000	129.303   	2.388000	0         	
2.389000	0         	2.389000	0         	2.389000	129.303   	2.389000	0         	
2.390000	0         	2.390000	0         	2.390000	129.303   	2.390000	0         	
2.391000	0         	2.391000	0         	2.391000	129.303   	2.391000	0         	
2.392000	0         	2.392000	0         	2.392000	129.303   	2.392000	0         	
2.393000	0         	2.393000	0         	2.393000	129.303   	2.393000	0         	
2.394000	0         	2.394000	0         	2.394000	129.303   	2.394000	0         	
2.395000	0         	2.395000	0         	2.395000	129.303   	2.395000	0         	
2.396000	0         	2.396000	0         	2.396000	129.303   	2.396000	0         	
2.397000	0         	2.397000	0         	2.397000	129.303   	2.397000	0         	
2.398000	0         	2.398000	0         	2.398000	129.303   	2.398000	0         	
2.399000	0         	2.399000	0         	2.399000	129.303   	2.399000	0         	
2.400000	0         	2.400000	0         	2.400000	129.303   	2.400000	0         	
