Thickness of SUS flat deg [mm]1	(B-C) stopped in THIS detector	Thickness of SUS flat deg [mm]2	(C)   yield after THIS detector 	Thickness of SUS flat deg [mm]3	(A-B) stopped before THIS detector	Thickness of SUS flat deg [mm]4	(B)   yield before THIS detector	
1.900000	0         	1.900000	132.909   	1.900000	11.3196   	1.900000	132.909   	
1.901000	0         	1.901000	132.903   	1.901000	11.325    	1.901000	132.903   	
1.902000	0         	1.902000	132.898   	1.902000	11.3304   	1.902000	132.898   	
1.903000	0         	1.903000	132.893   	1.903000	11.3359   	1.903000	132.893   	
1.904000	0         	1.904000	132.887   	1.904000	11.3413   	1.904000	132.887   	
1.905000	0         	1.905000	132.882   	1.905000	11.3467   	1.905000	132.882   	
1.906000	0         	1.906000	132.876   	1.906000	11.3522   	1.906000	132.876   	
1.907000	0         	1.907000	132.871   	1.907000	11.3576   	1.907000	132.871   	
1.908000	0         	1.908000	132.865   	1.908000	11.363    	1.908000	132.865   	
1.909000	0         	1.909000	132.86    	1.909000	11.3685   	1.909000	132.86    	
1.910000	0         	1.910000	132.855   	1.910000	11.3739   	1.910000	132.855   	
1.911000	0         	1.911000	132.849   	1.911000	11.3793   	1.911000	132.849   	
1.912000	0         	1.912000	132.844   	1.912000	11.3848   	1.912000	132.844   	
1.913000	0         	1.913000	132.838   	1.913000	11.3902   	1.913000	132.838   	
1.914000	0         	1.914000	132.833   	1.914000	11.3956   	1.914000	132.833   	
1.915000	0         	1.915000	132.827   	1.915000	11.401    	1.915000	132.827   	
1.916000	0         	1.916000	132.822   	1.916000	11.4065   	1.916000	132.822   	
1.917000	0         	1.917000	132.817   	1.917000	11.4119   	1.917000	132.817   	
1.918000	0         	1.918000	132.811   	1.918000	11.4173   	1.918000	132.811   	
1.919000	0         	1.919000	132.806   	1.919000	11.4227   	1.919000	132.806   	
1.920000	0         	1.920000	132.8     	1.920000	11.4282   	1.920000	132.8     	
1.921000	0         	1.921000	132.795   	1.921000	11.4336   	1.921000	132.795   	
1.922000	0         	1.922000	132.789   	1.922000	11.439    	1.922000	132.789   	
1.923000	0         	1.923000	132.784   	1.923000	11.4444   	1.923000	132.784   	
1.924000	0         	1.924000	132.779   	1.924000	11.4498   	1.924000	132.779   	
1.925000	0         	1.925000	132.773   	1.925000	11.4553   	1.925000	132.773   	
1.926000	0         	1.926000	132.768   	1.926000	11.4607   	1.926000	132.768   	
1.927000	0         	1.927000	132.762   	1.927000	11.4661   	1.927000	132.762   	
1.928000	0         	1.928000	132.757   	1.928000	11.4715   	1.928000	132.757   	
1.929000	0         	1.929000	132.752   	1.929000	11.4769   	1.929000	132.752   	
1.930000	0         	1.930000	132.746   	1.930000	11.4823   	1.930000	132.746   	
1.931000	0         	1.931000	132.741   	1.931000	11.4877   	1.931000	132.741   	
1.932000	0         	1.932000	132.735   	1.932000	11.4931   	1.932000	132.735   	
1.933000	0         	1.933000	132.73    	1.933000	11.4986   	1.933000	132.73    	
1.934000	0         	1.934000	132.725   	1.934000	11.504    	1.934000	132.725   	
1.935000	0         	1.935000	132.719   	1.935000	11.5094   	1.935000	132.719   	
1.936000	0         	1.936000	132.714   	1.936000	11.5148   	1.936000	132.714   	
1.937000	0         	1.937000	132.708   	1.937000	11.5202   	1.937000	132.708   	
1.938000	0         	1.938000	132.703   	1.938000	11.5255   	1.938000	132.703   	
1.939000	0         	1.939000	132.698   	1.939000	11.5309   	1.939000	132.698   	
1.940000	0         	1.940000	132.692   	1.940000	11.5363   	1.940000	132.692   	
1.941000	0         	1.941000	132.687   	1.941000	11.5417   	1.941000	132.687   	
1.942000	0         	1.942000	132.681   	1.942000	11.5471   	1.942000	132.681   	
1.943000	0         	1.943000	132.676   	1.943000	11.5525   	1.943000	132.676   	
1.944000	0         	1.944000	132.671   	1.944000	11.5579   	1.944000	132.671   	
1.945000	0         	1.945000	132.665   	1.945000	11.5633   	1.945000	132.665   	
1.946000	0         	1.946000	132.66    	1.946000	11.5687   	1.946000	132.66    	
1.947000	0         	1.947000	132.654   	1.947000	11.5741   	1.947000	132.654   	
1.948000	0         	1.948000	132.649   	1.948000	11.5794   	1.948000	132.649   	
1.949000	0         	1.949000	132.644   	1.949000	11.5848   	1.949000	132.644   	
1.950000	0         	1.950000	132.638   	1.950000	11.5902   	1.950000	132.638   	
1.951000	0         	1.951000	132.633   	1.951000	11.5956   	1.951000	132.633   	
1.952000	0         	1.952000	132.628   	1.952000	11.601    	1.952000	132.628   	
1.953000	0         	1.953000	132.622   	1.953000	11.6063   	1.953000	132.622   	
1.954000	0         	1.954000	132.617   	1.954000	11.6117   	1.954000	132.617   	
1.955000	0         	1.955000	132.611   	1.955000	11.6171   	1.955000	132.611   	
1.956000	0         	1.956000	132.606   	1.956000	11.6225   	1.956000	132.606   	
1.957000	0         	1.957000	132.601   	1.957000	11.6278   	1.957000	132.601   	
1.958000	0         	1.958000	132.595   	1.958000	11.6332   	1.958000	132.595   	
1.959000	0         	1.959000	132.59    	1.959000	11.6385   	1.959000	132.59    	
1.960000	0         	1.960000	132.585   	1.960000	11.6439   	1.960000	132.585   	
1.961000	0         	1.961000	132.579   	1.961000	11.6493   	1.961000	132.579   	
1.962000	0         	1.962000	132.574   	1.962000	11.6546   	1.962000	132.574   	
1.963000	0         	1.963000	132.569   	1.963000	11.6599   	1.963000	132.569   	
1.964000	0         	1.964000	132.563   	1.964000	11.6652   	1.964000	132.563   	
1.965000	0         	1.965000	132.558   	1.965000	11.6705   	1.965000	132.558   	
1.966000	0         	1.966000	132.553   	1.966000	11.6758   	1.966000	132.553   	
1.967000	0         	1.967000	132.547   	1.967000	11.6811   	1.967000	132.547   	
1.968000	0         	1.968000	132.542   	1.968000	11.6864   	1.968000	132.542   	
1.969000	0         	1.969000	132.537   	1.969000	11.6917   	1.969000	132.537   	
1.970000	0         	1.970000	132.532   	1.970000	11.6969   	1.970000	132.532   	
1.971000	0         	1.971000	132.526   	1.971000	11.7022   	1.971000	132.526   	
1.972000	0         	1.972000	132.521   	1.972000	11.7075   	1.972000	132.521   	
1.973000	0         	1.973000	132.516   	1.973000	11.7128   	1.973000	132.516   	
1.974000	0         	1.974000	132.51    	1.974000	11.718    	1.974000	132.51    	
1.975000	0         	1.975000	132.505   	1.975000	11.7233   	1.975000	132.505   	
1.976000	0         	1.976000	132.5     	1.976000	11.7286   	1.976000	132.5     	
1.977000	0         	1.977000	132.495   	1.977000	11.7338   	1.977000	132.495   	
1.978000	0         	1.978000	132.489   	1.978000	11.7391   	1.978000	132.489   	
1.979000	0         	1.979000	132.484   	1.979000	11.7444   	1.979000	132.484   	
1.980000	0         	1.980000	132.479   	1.980000	11.7496   	1.980000	132.479   	
1.981000	0         	1.981000	132.474   	1.981000	11.7549   	1.981000	132.474   	
1.982000	0         	1.982000	132.468   	1.982000	11.7601   	1.982000	132.468   	
1.983000	0         	1.983000	132.463   	1.983000	11.7654   	1.983000	132.463   	
1.984000	0         	1.984000	132.458   	1.984000	11.7706   	1.984000	132.458   	
1.985000	0         	1.985000	132.453   	1.985000	11.7759   	1.985000	132.453   	
1.986000	0         	1.986000	132.447   	1.986000	11.7811   	1.986000	132.447   	
1.987000	0         	1.987000	132.442   	1.987000	11.7863   	1.987000	132.442   	
1.988000	0         	1.988000	132.437   	1.988000	11.7916   	1.988000	132.437   	
1.989000	0         	1.989000	132.432   	1.989000	11.7968   	1.989000	132.432   	
1.990000	0         	1.990000	132.426   	1.990000	11.802    	1.990000	132.426   	
1.991000	0         	1.991000	132.421   	1.991000	11.8073   	1.991000	132.421   	
1.992000	0         	1.992000	132.416   	1.992000	11.8125   	1.992000	132.416   	
1.993000	0         	1.993000	132.411   	1.993000	11.8177   	1.993000	132.411   	
1.994000	0         	1.994000	132.406   	1.994000	11.8229   	1.994000	132.406   	
1.995000	0         	1.995000	132.4     	1.995000	11.8282   	1.995000	132.4     	
1.996000	0         	1.996000	132.395   	1.996000	11.8334   	1.996000	132.395   	
1.997000	0         	1.997000	132.39    	1.997000	11.8386   	1.997000	132.39    	
1.998000	0         	1.998000	132.385   	1.998000	11.8438   	1.998000	132.385   	
1.999000	0         	1.999000	132.38    	1.999000	11.849    	1.999000	132.38    	
2.000000	0         	2.000000	132.374   	2.000000	11.8542   	2.000000	132.374   	
2.001000	0         	2.001000	132.369   	2.001000	11.8594   	2.001000	132.369   	
2.002000	0         	2.002000	132.364   	2.002000	11.8646   	2.002000	132.364   	
2.003000	0         	2.003000	132.359   	2.003000	11.8698   	2.003000	132.359   	
2.004000	0         	2.004000	132.354   	2.004000	11.8749   	2.004000	132.354   	
2.005000	0         	2.005000	132.348   	2.005000	11.8801   	2.005000	132.348   	
2.006000	0         	2.006000	132.343   	2.006000	11.8853   	2.006000	132.343   	
2.007000	0         	2.007000	132.338   	2.007000	11.8905   	2.007000	132.338   	
2.008000	0         	2.008000	132.333   	2.008000	11.8956   	2.008000	132.333   	
2.009000	0         	2.009000	132.328   	2.009000	11.9008   	2.009000	132.328   	
2.010000	0         	2.010000	132.323   	2.010000	11.9059   	2.010000	132.323   	
2.011000	0         	2.011000	132.317   	2.011000	11.9111   	2.011000	132.317   	
2.012000	0         	2.012000	132.312   	2.012000	11.9162   	2.012000	132.312   	
2.013000	0         	2.013000	132.307   	2.013000	11.9214   	2.013000	132.307   	
2.014000	0         	2.014000	132.302   	2.014000	11.9265   	2.014000	132.302   	
2.015000	0         	2.015000	132.297   	2.015000	11.9317   	2.015000	132.297   	
2.016000	0         	2.016000	132.292   	2.016000	11.9368   	2.016000	132.292   	
2.017000	0         	2.017000	132.287   	2.017000	11.9419   	2.017000	132.287   	
2.018000	0         	2.018000	132.281   	2.018000	11.947    	2.018000	132.281   	
2.019000	0         	2.019000	132.276   	2.019000	11.9522   	2.019000	132.276   	
2.020000	0         	2.020000	132.271   	2.020000	11.9573   	2.020000	132.271   	
2.021000	0         	2.021000	132.266   	2.021000	11.9624   	2.021000	132.266   	
2.022000	0         	2.022000	132.261   	2.022000	11.9675   	2.022000	132.261   	
2.023000	0         	2.023000	132.256   	2.023000	11.9726   	2.023000	132.256   	
2.024000	0         	2.024000	132.251   	2.024000	11.9777   	2.024000	132.251   	
2.025000	0         	2.025000	132.246   	2.025000	11.9828   	2.025000	132.246   	
2.026000	0         	2.026000	132.241   	2.026000	11.9878   	2.026000	132.241   	
2.027000	0         	2.027000	132.236   	2.027000	11.9929   	2.027000	132.236   	
2.028000	0         	2.028000	132.231   	2.028000	11.998    	2.028000	132.231   	
2.029000	0         	2.029000	132.225   	2.029000	12.003    	2.029000	132.225   	
2.030000	0         	2.030000	132.22    	2.030000	12.0081   	2.030000	132.22    	
2.031000	0         	2.031000	132.215   	2.031000	12.0132   	2.031000	132.215   	
2.032000	0         	2.032000	132.21    	2.032000	12.0182   	2.032000	132.21    	
2.033000	0         	2.033000	132.205   	2.033000	12.0232   	2.033000	132.205   	
2.034000	0         	2.034000	132.2     	2.034000	12.0282   	2.034000	132.2     	
2.035000	0         	2.035000	132.195   	2.035000	12.0333   	2.035000	132.195   	
2.036000	0         	2.036000	132.19    	2.036000	12.0382   	2.036000	132.19    	
2.037000	0         	2.037000	132.185   	2.037000	12.0432   	2.037000	132.185   	
2.038000	0         	2.038000	132.18    	2.038000	12.0481   	2.038000	132.18    	
2.039000	0         	2.039000	132.175   	2.039000	12.0531   	2.039000	132.175   	
2.040000	0         	2.040000	132.171   	2.040000	12.058    	2.040000	132.171   	
2.041000	0         	2.041000	132.166   	2.041000	12.0629   	2.041000	132.166   	
2.042000	0         	2.042000	132.161   	2.042000	12.0678   	2.042000	132.161   	
2.043000	0         	2.043000	132.156   	2.043000	12.0727   	2.043000	132.156   	
2.044000	0         	2.044000	132.151   	2.044000	12.0776   	2.044000	132.151   	
2.045000	0         	2.045000	132.146   	2.045000	12.0825   	2.045000	132.146   	
2.046000	0         	2.046000	132.141   	2.046000	12.0874   	2.046000	132.141   	
2.047000	0         	2.047000	132.136   	2.047000	12.0922   	2.047000	132.136   	
2.048000	0         	2.048000	132.131   	2.048000	12.0971   	2.048000	132.131   	
2.049000	0         	2.049000	132.127   	2.049000	12.1019   	2.049000	132.127   	
2.050000	0         	2.050000	132.122   	2.050000	12.1068   	2.050000	132.122   	
2.051000	0         	2.051000	132.117   	2.051000	12.1116   	2.051000	132.117   	
2.052000	0         	2.052000	132.112   	2.052000	12.1164   	2.052000	132.112   	
2.053000	0         	2.053000	132.107   	2.053000	12.1212   	2.053000	132.107   	
2.054000	0         	2.054000	132.103   	2.054000	12.126    	2.054000	132.103   	
2.055000	0         	2.055000	132.098   	2.055000	12.1308   	2.055000	132.098   	
2.056000	0         	2.056000	132.093   	2.056000	12.1355   	2.056000	132.093   	
2.057000	0         	2.057000	132.088   	2.057000	12.1403   	2.057000	132.088   	
2.058000	0         	2.058000	132.083   	2.058000	12.145    	2.058000	132.083   	
2.059000	0         	2.059000	132.079   	2.059000	12.1498   	2.059000	132.079   	
2.060000	0         	2.060000	132.074   	2.060000	12.1545   	2.060000	132.074   	
2.061000	0         	2.061000	132.069   	2.061000	12.1592   	2.061000	132.069   	
2.062000	0         	2.062000	132.065   	2.062000	12.1639   	2.062000	132.065   	
2.063000	0         	2.063000	132.06    	2.063000	12.1685   	2.063000	132.06    	
2.064000	0         	2.064000	132.055   	2.064000	12.1732   	2.064000	132.055   	
2.065000	0         	2.065000	132.051   	2.065000	12.1779   	2.065000	132.051   	
2.066000	0         	2.066000	132.046   	2.066000	12.1825   	2.066000	132.046   	
2.067000	0         	2.067000	132.041   	2.067000	12.1871   	2.067000	132.041   	
2.068000	0         	2.068000	132.037   	2.068000	12.1917   	2.068000	132.037   	
2.069000	0         	2.069000	132.032   	2.069000	12.1963   	2.069000	132.032   	
2.070000	0         	2.070000	132.028   	2.070000	12.2008   	2.070000	132.028   	
2.071000	0         	2.071000	132.023   	2.071000	12.2054   	2.071000	132.023   	
2.072000	0         	2.072000	132.019   	2.072000	12.2099   	2.072000	132.019   	
2.073000	0         	2.073000	132.014   	2.073000	12.2144   	2.073000	132.014   	
2.074000	0         	2.074000	132.01    	2.074000	12.2188   	2.074000	132.01    	
2.075000	0         	2.075000	132.005   	2.075000	12.2233   	2.075000	132.005   	
2.076000	0         	2.076000	132.001   	2.076000	12.2277   	2.076000	132.001   	
2.077000	0         	2.077000	131.996   	2.077000	12.2321   	2.077000	131.996   	
2.078000	0         	2.078000	131.992   	2.078000	12.2365   	2.078000	131.992   	
2.079000	0         	2.079000	131.988   	2.079000	12.2408   	2.079000	131.988   	
2.080000	0         	2.080000	131.983   	2.080000	12.2452   	2.080000	131.983   	
2.081000	0         	2.081000	131.979   	2.081000	12.2494   	2.081000	131.979   	
2.082000	0         	2.082000	131.975   	2.082000	12.2537   	2.082000	131.975   	
2.083000	0         	2.083000	131.971   	2.083000	12.2579   	2.083000	131.971   	
2.084000	0         	2.084000	131.966   	2.084000	12.2621   	2.084000	131.966   	
2.085000	0         	2.085000	131.962   	2.085000	12.2663   	2.085000	131.962   	
2.086000	0         	2.086000	131.958   	2.086000	12.2704   	2.086000	131.958   	
2.087000	0         	2.087000	131.954   	2.087000	12.2745   	2.087000	131.954   	
2.088000	0         	2.088000	131.95    	2.088000	12.2785   	2.088000	131.95    	
2.089000	2.35545e-08	2.089000	131.946   	2.089000	12.2825   	2.089000	131.946   	
2.090000	5.76718e-05	2.090000	131.942   	2.090000	12.2865   	2.090000	131.942   	
2.091000	0.000599362	2.091000	131.937   	2.091000	12.2911   	2.091000	131.937   	
2.092000	0.00127974	2.092000	131.932   	2.092000	12.295    	2.092000	131.934   	
2.093000	0.00338711	2.093000	131.926   	2.093000	12.2992   	2.093000	131.929   	
2.094000	0.00633327	2.094000	131.918   	2.094000	12.3044   	2.094000	131.924   	
2.095000	0.0112533 	2.095000	131.906   	2.095000	12.3113   	2.095000	131.917   	
2.096000	0.0186366 	2.096000	131.889   	2.096000	12.3209   	2.096000	131.908   	
2.097000	0.0294339 	2.097000	131.864   	2.097000	12.3348   	2.097000	131.894   	
2.098000	0.0453113 	2.098000	131.828   	2.098000	12.3551   	2.098000	131.873   	
2.099000	0.0687183 	2.099000	131.775   	2.099000	12.3851   	2.099000	131.843   	
2.100000	0.102138  	2.100000	131.697   	2.100000	12.4289   	2.100000	131.8     	
2.101000	0.148796  	2.101000	131.587   	2.101000	12.493    	2.101000	131.735   	
2.102000	0.212383  	2.102000	131.431   	2.102000	12.5853   	2.102000	131.643   	
2.103000	0.297016  	2.103000	131.215   	2.103000	12.7162   	2.103000	131.512   	
2.104000	0.406982  	2.104000	130.923   	2.104000	12.8986   	2.104000	131.33    	
2.105000	0.546639  	2.105000	130.534   	2.105000	13.1474   	2.105000	131.081   	
2.106000	0.719837  	2.106000	130.029   	2.106000	13.4794   	2.106000	130.749   	
2.107000	0.930224  	2.107000	129.385   	2.107000	13.9133   	2.107000	130.315   	
2.108000	1.17999   	2.108000	128.582   	2.108000	14.4668   	2.108000	129.762   	
2.109000	1.47054   	2.109000	127.601   	2.109000	15.1575   	2.109000	129.071   	
2.110000	1.80216   	2.110000	126.427   	2.110000	15.9994   	2.110000	128.229   	
2.111000	2.17417   	2.111000	125.049   	2.111000	17.0051   	2.111000	127.223   	
2.112000	2.58026   	2.112000	123.472   	2.112000	18.1764   	2.112000	126.052   	
2.113000	3.01512   	2.113000	121.726   	2.113000	19.4877   	2.113000	124.741   	
2.114000	3.47688   	2.114000	119.852   	2.114000	20.8994   	2.114000	123.329   	
2.115000	3.95906   	2.115000	117.885   	2.115000	22.384    	2.115000	121.844   	
2.116000	4.45396   	2.116000	115.945   	2.116000	23.8293   	2.116000	120.399   	
2.117000	4.96554   	2.117000	114.087   	2.117000	25.1763   	2.117000	119.052   	
2.118000	5.49501   	2.118000	112.366   	2.118000	26.3675   	2.118000	117.861   	
2.119000	6.05529   	2.119000	110.884   	2.119000	27.2895   	2.119000	116.939   	
2.120000	6.66419   	2.120000	109.758   	2.120000	27.8066   	2.120000	116.422   	
2.121000	7.34054   	2.121000	109.036   	2.121000	27.8519   	2.121000	116.377   	
2.122000	8.11933   	2.122000	108.629   	2.122000	27.4798   	2.122000	116.749   	
2.123000	9.05408   	2.123000	108.325   	2.123000	26.8496   	2.123000	117.379   	
2.124000	10.1933   	2.124000	107.823   	2.124000	26.212    	2.124000	118.016   	
2.125000	11.6184   	2.125000	106.657   	2.125000	25.9526   	2.125000	118.276   	
2.126000	13.2819   	2.126000	104.528   	2.126000	26.4189   	2.126000	117.81    	
2.127000	14.7474   	2.127000	101.506   	2.127000	27.9748   	2.127000	116.254   	
2.128000	16.4056   	2.128000	96.6009   	2.128000	31.222    	2.128000	113.006   	
2.129000	17.5188   	2.129000	90.4933   	2.129000	36.2164   	2.129000	108.012   	
2.130000	18.6555   	2.130000	81.3447   	2.130000	44.2283   	2.130000	100       	
2.131000	19.286    	2.131000	68.6388   	2.131000	56.3037   	2.131000	87.9248   	
2.132000	19.4781   	2.132000	53.6127   	2.132000	71.1377   	2.132000	73.0908   	
2.133000	19.0474   	2.133000	39.0748   	2.133000	86.1063   	2.133000	58.1222   	
2.134000	17.8068   	2.134000	25.9182   	2.134000	100.503   	2.134000	43.725    	
2.135000	17.2542   	2.135000	4.14018   	2.135000	122.834   	2.135000	21.3944   	
2.136000	13.0652   	2.136000	0.764888  	2.136000	130.398   	2.136000	13.8301   	
2.137000	8.46096   	2.137000	1.03522e-05	2.137000	135.768   	2.137000	8.46097   	
2.138000	3.52533   	2.138000	0         	2.138000	140.703   	2.138000	3.52533   	
2.139000	0.123293  	2.139000	0         	2.139000	144.105   	2.139000	0.123293  	
2.140000	0.740086  	2.140000	0         	2.140000	143.488   	2.140000	0.740086  	
2.141000	1.17528e-11	2.141000	0         	2.141000	144.228   	2.141000	1.17528e-11	
2.142000	0.071627  	2.142000	0         	2.142000	144.157   	2.142000	0.071627  	
2.143000	5.82927e-16	2.143000	0         	2.143000	144.228   	2.143000	5.82927e-16	
2.144000	0         	2.144000	0         	2.144000	144.228   	2.144000	0         	
2.145000	0         	2.145000	0         	2.145000	144.228   	2.145000	0         	
2.146000	0         	2.146000	0         	2.146000	144.228   	2.146000	0         	
2.147000	0         	2.147000	0         	2.147000	144.228   	2.147000	0         	
2.148000	0         	2.148000	0         	2.148000	144.228   	2.148000	0         	
2.149000	0         	2.149000	0         	2.149000	144.228   	2.149000	0         	
2.150000	0         	2.150000	0         	2.150000	144.228   	2.150000	0         	
2.151000	0         	2.151000	0         	2.151000	144.228   	2.151000	0         	
2.152000	0         	2.152000	0         	2.152000	144.228   	2.152000	0         	
2.153000	0         	2.153000	0         	2.153000	144.228   	2.153000	0         	
2.154000	0         	2.154000	0         	2.154000	144.228   	2.154000	0         	
2.155000	0         	2.155000	0         	2.155000	144.228   	2.155000	0         	
2.156000	0         	2.156000	0         	2.156000	144.228   	2.156000	0         	
2.157000	0         	2.157000	0         	2.157000	144.228   	2.157000	0         	
2.158000	0         	2.158000	0         	2.158000	144.228   	2.158000	0         	
2.159000	0         	2.159000	0         	2.159000	144.228   	2.159000	0         	
2.160000	0         	2.160000	0         	2.160000	144.228   	2.160000	0         	
2.161000	0         	2.161000	0         	2.161000	144.228   	2.161000	0         	
2.162000	0         	2.162000	0         	2.162000	144.228   	2.162000	0         	
2.163000	0         	2.163000	0         	2.163000	144.228   	2.163000	0         	
2.164000	0         	2.164000	0         	2.164000	144.228   	2.164000	0         	
2.165000	0         	2.165000	0         	2.165000	144.228   	2.165000	0         	
2.166000	0         	2.166000	0         	2.166000	144.228   	2.166000	0         	
2.167000	0         	2.167000	0         	2.167000	144.228   	2.167000	0         	
2.168000	0         	2.168000	0         	2.168000	144.228   	2.168000	0         	
2.169000	0         	2.169000	0         	2.169000	144.228   	2.169000	0         	
2.170000	0         	2.170000	0         	2.170000	144.228   	2.170000	0         	
2.171000	0         	2.171000	0         	2.171000	144.228   	2.171000	0         	
2.172000	0         	2.172000	0         	2.172000	144.228   	2.172000	0         	
2.173000	0         	2.173000	0         	2.173000	144.228   	2.173000	0         	
2.174000	0         	2.174000	0         	2.174000	144.228   	2.174000	0         	
2.175000	0         	2.175000	0         	2.175000	144.228   	2.175000	0         	
2.176000	0         	2.176000	0         	2.176000	144.228   	2.176000	0         	
2.177000	0         	2.177000	0         	2.177000	144.228   	2.177000	0         	
2.178000	0         	2.178000	0         	2.178000	144.228   	2.178000	0         	
2.179000	0         	2.179000	0         	2.179000	144.228   	2.179000	0         	
2.180000	0         	2.180000	0         	2.180000	144.228   	2.180000	0         	
2.181000	0         	2.181000	0         	2.181000	144.228   	2.181000	0         	
2.182000	0         	2.182000	0         	2.182000	144.228   	2.182000	0         	
2.183000	0         	2.183000	0         	2.183000	144.228   	2.183000	0         	
2.184000	0         	2.184000	0         	2.184000	144.228   	2.184000	0         	
2.185000	0         	2.185000	0         	2.185000	144.228   	2.185000	0         	
2.186000	0         	2.186000	0         	2.186000	144.228   	2.186000	0         	
2.187000	0         	2.187000	0         	2.187000	144.228   	2.187000	0         	
2.188000	0         	2.188000	0         	2.188000	144.228   	2.188000	0         	
2.189000	0         	2.189000	0         	2.189000	144.228   	2.189000	0         	
2.190000	0         	2.190000	0         	2.190000	144.228   	2.190000	0         	
2.191000	0         	2.191000	0         	2.191000	144.228   	2.191000	0         	
2.192000	0         	2.192000	0         	2.192000	144.228   	2.192000	0         	
2.193000	0         	2.193000	0         	2.193000	144.228   	2.193000	0         	
2.194000	0         	2.194000	0         	2.194000	144.228   	2.194000	0         	
2.195000	0         	2.195000	0         	2.195000	144.228   	2.195000	0         	
2.196000	0         	2.196000	0         	2.196000	144.228   	2.196000	0         	
2.197000	0         	2.197000	0         	2.197000	144.228   	2.197000	0         	
2.198000	0         	2.198000	0         	2.198000	144.228   	2.198000	0         	
2.199000	0         	2.199000	0         	2.199000	144.228   	2.199000	0         	
2.200000	0         	2.200000	0         	2.200000	144.228   	2.200000	0         	
2.201000	0         	2.201000	0         	2.201000	144.228   	2.201000	0         	
2.202000	0         	2.202000	0         	2.202000	144.228   	2.202000	0         	
2.203000	0         	2.203000	0         	2.203000	144.228   	2.203000	0         	
2.204000	0         	2.204000	0         	2.204000	144.228   	2.204000	0         	
2.205000	0         	2.205000	0         	2.205000	144.228   	2.205000	0         	
2.206000	0         	2.206000	0         	2.206000	144.228   	2.206000	0         	
2.207000	0         	2.207000	0         	2.207000	144.228   	2.207000	0         	
2.208000	0         	2.208000	0         	2.208000	144.228   	2.208000	0         	
2.209000	0         	2.209000	0         	2.209000	144.228   	2.209000	0         	
2.210000	0         	2.210000	0         	2.210000	144.228   	2.210000	0         	
2.211000	0         	2.211000	0         	2.211000	144.228   	2.211000	0         	
2.212000	0         	2.212000	0         	2.212000	144.228   	2.212000	0         	
2.213000	0         	2.213000	0         	2.213000	144.228   	2.213000	0         	
2.214000	0         	2.214000	0         	2.214000	144.228   	2.214000	0         	
2.215000	0         	2.215000	0         	2.215000	144.228   	2.215000	0         	
2.216000	0         	2.216000	0         	2.216000	144.228   	2.216000	0         	
2.217000	0         	2.217000	0         	2.217000	144.228   	2.217000	0         	
2.218000	0         	2.218000	0         	2.218000	144.228   	2.218000	0         	
2.219000	0         	2.219000	0         	2.219000	144.228   	2.219000	0         	
2.220000	0         	2.220000	0         	2.220000	144.228   	2.220000	0         	
2.221000	0         	2.221000	0         	2.221000	144.228   	2.221000	0         	
2.222000	0         	2.222000	0         	2.222000	144.228   	2.222000	0         	
2.223000	0         	2.223000	0         	2.223000	144.228   	2.223000	0         	
2.224000	0         	2.224000	0         	2.224000	144.228   	2.224000	0         	
2.225000	0         	2.225000	0         	2.225000	144.228   	2.225000	0         	
2.226000	0         	2.226000	0         	2.226000	144.228   	2.226000	0         	
2.227000	0         	2.227000	0         	2.227000	144.228   	2.227000	0         	
2.228000	0         	2.228000	0         	2.228000	144.228   	2.228000	0         	
2.229000	0         	2.229000	0         	2.229000	144.228   	2.229000	0         	
2.230000	0         	2.230000	0         	2.230000	144.228   	2.230000	0         	
2.231000	0         	2.231000	0         	2.231000	144.228   	2.231000	0         	
2.232000	0         	2.232000	0         	2.232000	144.228   	2.232000	0         	
2.233000	0         	2.233000	0         	2.233000	144.228   	2.233000	0         	
2.234000	0         	2.234000	0         	2.234000	144.228   	2.234000	0         	
2.235000	0         	2.235000	0         	2.235000	144.228   	2.235000	0         	
2.236000	0         	2.236000	0         	2.236000	144.228   	2.236000	0         	
2.237000	0         	2.237000	0         	2.237000	144.228   	2.237000	0         	
2.238000	0         	2.238000	0         	2.238000	144.228   	2.238000	0         	
2.239000	0         	2.239000	0         	2.239000	144.228   	2.239000	0         	
2.240000	0         	2.240000	0         	2.240000	144.228   	2.240000	0         	
2.241000	0         	2.241000	0         	2.241000	144.228   	2.241000	0         	
2.242000	0         	2.242000	0         	2.242000	144.228   	2.242000	0         	
2.243000	0         	2.243000	0         	2.243000	144.228   	2.243000	0         	
2.244000	0         	2.244000	0         	2.244000	144.228   	2.244000	0         	
2.245000	0         	2.245000	0         	2.245000	144.228   	2.245000	0         	
2.246000	0         	2.246000	0         	2.246000	144.228   	2.246000	0         	
2.247000	0         	2.247000	0         	2.247000	144.228   	2.247000	0         	
2.248000	0         	2.248000	0         	2.248000	144.228   	2.248000	0         	
2.249000	0         	2.249000	0         	2.249000	144.228   	2.249000	0         	
2.250000	0         	2.250000	0         	2.250000	144.228   	2.250000	0         	
2.251000	0         	2.251000	0         	2.251000	144.228   	2.251000	0         	
2.252000	0         	2.252000	0         	2.252000	144.228   	2.252000	0         	
2.253000	0         	2.253000	0         	2.253000	144.228   	2.253000	0         	
2.254000	0         	2.254000	0         	2.254000	144.228   	2.254000	0         	
2.255000	0         	2.255000	0         	2.255000	144.228   	2.255000	0         	
2.256000	0         	2.256000	0         	2.256000	144.228   	2.256000	0         	
2.257000	0         	2.257000	0         	2.257000	144.228   	2.257000	0         	
2.258000	0         	2.258000	0         	2.258000	144.228   	2.258000	0         	
2.259000	0         	2.259000	0         	2.259000	144.228   	2.259000	0         	
2.260000	0         	2.260000	0         	2.260000	144.228   	2.260000	0         	
2.261000	0         	2.261000	0         	2.261000	144.228   	2.261000	0         	
2.262000	0         	2.262000	0         	2.262000	144.228   	2.262000	0         	
2.263000	0         	2.263000	0         	2.263000	144.228   	2.263000	0         	
2.264000	0         	2.264000	0         	2.264000	144.228   	2.264000	0         	
2.265000	0         	2.265000	0         	2.265000	144.228   	2.265000	0         	
2.266000	0         	2.266000	0         	2.266000	144.228   	2.266000	0         	
2.267000	0         	2.267000	0         	2.267000	144.228   	2.267000	0         	
2.268000	0         	2.268000	0         	2.268000	144.228   	2.268000	0         	
2.269000	0         	2.269000	0         	2.269000	144.228   	2.269000	0         	
2.270000	0         	2.270000	0         	2.270000	144.228   	2.270000	0         	
2.271000	0         	2.271000	0         	2.271000	144.228   	2.271000	0         	
2.272000	0         	2.272000	0         	2.272000	144.228   	2.272000	0         	
2.273000	0         	2.273000	0         	2.273000	144.228   	2.273000	0         	
2.274000	0         	2.274000	0         	2.274000	144.228   	2.274000	0         	
2.275000	0         	2.275000	0         	2.275000	144.228   	2.275000	0         	
2.276000	0         	2.276000	0         	2.276000	144.228   	2.276000	0         	
2.277000	0         	2.277000	0         	2.277000	144.228   	2.277000	0         	
2.278000	0         	2.278000	0         	2.278000	144.228   	2.278000	0         	
2.279000	0         	2.279000	0         	2.279000	144.228   	2.279000	0         	
2.280000	0         	2.280000	0         	2.280000	144.228   	2.280000	0         	
2.281000	0         	2.281000	0         	2.281000	144.228   	2.281000	0         	
2.282000	0         	2.282000	0         	2.282000	144.228   	2.282000	0         	
2.283000	0         	2.283000	0         	2.283000	144.228   	2.283000	0         	
2.284000	0         	2.284000	0         	2.284000	144.228   	2.284000	0         	
2.285000	0         	2.285000	0         	2.285000	144.228   	2.285000	0         	
2.286000	0         	2.286000	0         	2.286000	144.228   	2.286000	0         	
2.287000	0         	2.287000	0         	2.287000	144.228   	2.287000	0         	
2.288000	0         	2.288000	0         	2.288000	144.228   	2.288000	0         	
2.289000	0         	2.289000	0         	2.289000	144.228   	2.289000	0         	
2.290000	0         	2.290000	0         	2.290000	144.228   	2.290000	0         	
2.291000	0         	2.291000	0         	2.291000	144.228   	2.291000	0         	
2.292000	0         	2.292000	0         	2.292000	144.228   	2.292000	0         	
2.293000	0         	2.293000	0         	2.293000	144.228   	2.293000	0         	
2.294000	0         	2.294000	0         	2.294000	144.228   	2.294000	0         	
2.295000	0         	2.295000	0         	2.295000	144.228   	2.295000	0         	
2.296000	0         	2.296000	0         	2.296000	144.228   	2.296000	0         	
2.297000	0         	2.297000	0         	2.297000	144.228   	2.297000	0         	
2.298000	0         	2.298000	0         	2.298000	144.228   	2.298000	0         	
2.299000	0         	2.299000	0         	2.299000	144.228   	2.299000	0         	
2.300000	0         	2.300000	0         	2.300000	144.228   	2.300000	0         	
2.301000	0         	2.301000	0         	2.301000	144.228   	2.301000	0         	
2.302000	0         	2.302000	0         	2.302000	144.228   	2.302000	0         	
2.303000	0         	2.303000	0         	2.303000	144.228   	2.303000	0         	
2.304000	0         	2.304000	0         	2.304000	144.228   	2.304000	0         	
2.305000	0         	2.305000	0         	2.305000	144.228   	2.305000	0         	
2.306000	0         	2.306000	0         	2.306000	144.228   	2.306000	0         	
2.307000	0         	2.307000	0         	2.307000	144.228   	2.307000	0         	
2.308000	0         	2.308000	0         	2.308000	144.228   	2.308000	0         	
2.309000	0         	2.309000	0         	2.309000	144.228   	2.309000	0         	
2.310000	0         	2.310000	0         	2.310000	144.228   	2.310000	0         	
2.311000	0         	2.311000	0         	2.311000	144.228   	2.311000	0         	
2.312000	0         	2.312000	0         	2.312000	144.228   	2.312000	0         	
2.313000	0         	2.313000	0         	2.313000	144.228   	2.313000	0         	
2.314000	0         	2.314000	0         	2.314000	144.228   	2.314000	0         	
2.315000	0         	2.315000	0         	2.315000	144.228   	2.315000	0         	
2.316000	0         	2.316000	0         	2.316000	144.228   	2.316000	0         	
2.317000	0         	2.317000	0         	2.317000	144.228   	2.317000	0         	
2.318000	0         	2.318000	0         	2.318000	144.228   	2.318000	0         	
2.319000	0         	2.319000	0         	2.319000	144.228   	2.319000	0         	
2.320000	0         	2.320000	0         	2.320000	144.228   	2.320000	0         	
2.321000	0         	2.321000	0         	2.321000	144.228   	2.321000	0         	
2.322000	0         	2.322000	0         	2.322000	144.228   	2.322000	0         	
2.323000	0         	2.323000	0         	2.323000	144.228   	2.323000	0         	
2.324000	0         	2.324000	0         	2.324000	144.228   	2.324000	0         	
2.325000	0         	2.325000	0         	2.325000	144.228   	2.325000	0         	
2.326000	0         	2.326000	0         	2.326000	144.228   	2.326000	0         	
2.327000	0         	2.327000	0         	2.327000	144.228   	2.327000	0         	
2.328000	0         	2.328000	0         	2.328000	144.228   	2.328000	0         	
2.329000	0         	2.329000	0         	2.329000	144.228   	2.329000	0         	
2.330000	0         	2.330000	0         	2.330000	144.228   	2.330000	0         	
2.331000	0         	2.331000	0         	2.331000	144.228   	2.331000	0         	
2.332000	0         	2.332000	0         	2.332000	144.228   	2.332000	0         	
2.333000	0         	2.333000	0         	2.333000	144.228   	2.333000	0         	
2.334000	0         	2.334000	0         	2.334000	144.228   	2.334000	0         	
2.335000	0         	2.335000	0         	2.335000	144.228   	2.335000	0         	
2.336000	0         	2.336000	0         	2.336000	144.228   	2.336000	0         	
2.337000	0         	2.337000	0         	2.337000	144.228   	2.337000	0         	
2.338000	0         	2.338000	0         	2.338000	144.228   	2.338000	0         	
2.339000	0         	2.339000	0         	2.339000	144.228   	2.339000	0         	
2.340000	0         	2.340000	0         	2.340000	144.228   	2.340000	0         	
2.341000	0         	2.341000	0         	2.341000	144.228   	2.341000	0         	
2.342000	0         	2.342000	0         	2.342000	144.228   	2.342000	0         	
2.343000	0         	2.343000	0         	2.343000	144.228   	2.343000	0         	
2.344000	0         	2.344000	0         	2.344000	144.228   	2.344000	0         	
2.345000	0         	2.345000	0         	2.345000	144.228   	2.345000	0         	
2.346000	0         	2.346000	0         	2.346000	144.228   	2.346000	0         	
2.347000	0         	2.347000	0         	2.347000	144.228   	2.347000	0         	
2.348000	0         	2.348000	0         	2.348000	144.228   	2.348000	0         	
2.349000	0         	2.349000	0         	2.349000	144.228   	2.349000	0         	
2.350000	0         	2.350000	0         	2.350000	144.228   	2.350000	0         	
2.351000	0         	2.351000	0         	2.351000	144.228   	2.351000	0         	
2.352000	0         	2.352000	0         	2.352000	144.228   	2.352000	0         	
2.353000	0         	2.353000	0         	2.353000	144.228   	2.353000	0         	
2.354000	0         	2.354000	0         	2.354000	144.228   	2.354000	0         	
2.355000	0         	2.355000	0         	2.355000	144.228   	2.355000	0         	
2.356000	0         	2.356000	0         	2.356000	144.228   	2.356000	0         	
2.357000	0         	2.357000	0         	2.357000	144.228   	2.357000	0         	
2.358000	0         	2.358000	0         	2.358000	144.228   	2.358000	0         	
2.359000	0         	2.359000	0         	2.359000	144.228   	2.359000	0         	
2.360000	0         	2.360000	0         	2.360000	144.228   	2.360000	0         	
2.361000	0         	2.361000	0         	2.361000	144.228   	2.361000	0         	
2.362000	0         	2.362000	0         	2.362000	144.228   	2.362000	0         	
2.363000	0         	2.363000	0         	2.363000	144.228   	2.363000	0         	
2.364000	0         	2.364000	0         	2.364000	144.228   	2.364000	0         	
2.365000	0         	2.365000	0         	2.365000	144.228   	2.365000	0         	
2.366000	0         	2.366000	0         	2.366000	144.228   	2.366000	0         	
2.367000	0         	2.367000	0         	2.367000	144.228   	2.367000	0         	
2.368000	0         	2.368000	0         	2.368000	144.228   	2.368000	0         	
2.369000	0         	2.369000	0         	2.369000	144.228   	2.369000	0         	
2.370000	0         	2.370000	0         	2.370000	144.228   	2.370000	0         	
2.371000	0         	2.371000	0         	2.371000	144.228   	2.371000	0         	
2.372000	0         	2.372000	0         	2.372000	144.228   	2.372000	0         	
2.373000	0         	2.373000	0         	2.373000	144.228   	2.373000	0         	
2.374000	0         	2.374000	0         	2.374000	144.228   	2.374000	0         	
2.375000	0         	2.375000	0         	2.375000	144.228   	2.375000	0         	
2.376000	0         	2.376000	0         	2.376000	144.228   	2.376000	0         	
2.377000	0         	2.377000	0         	2.377000	144.228   	2.377000	0         	
2.378000	0         	2.378000	0         	2.378000	144.228   	2.378000	0         	
2.379000	0         	2.379000	0         	2.379000	144.228   	2.379000	0         	
2.380000	0         	2.380000	0         	2.380000	144.228   	2.380000	0         	
2.381000	0         	2.381000	0         	2.381000	144.228   	2.381000	0         	
2.382000	0         	2.382000	0         	2.382000	144.228   	2.382000	0         	
2.383000	0         	2.383000	0         	2.383000	144.228   	2.383000	0         	
2.384000	0         	2.384000	0         	2.384000	144.228   	2.384000	0         	
2.385000	0         	2.385000	0         	2.385000	144.228   	2.385000	0         	
2.386000	0         	2.386000	0         	2.386000	144.228   	2.386000	0         	
2.387000	0         	2.387000	0         	2.387000	144.228   	2.387000	0         	
2.388000	0         	2.388000	0         	2.388000	144.228   	2.388000	0         	
2.389000	0         	2.389000	0         	2.389000	144.228   	2.389000	0         	
2.390000	0         	2.390000	0         	2.390000	144.228   	2.390000	0         	
2.391000	0         	2.391000	0         	2.391000	144.228   	2.391000	0         	
2.392000	0         	2.392000	0         	2.392000	144.228   	2.392000	0         	
2.393000	0         	2.393000	0         	2.393000	144.228   	2.393000	0         	
2.394000	0         	2.394000	0         	2.394000	144.228   	2.394000	0         	
2.395000	0         	2.395000	0         	2.395000	144.228   	2.395000	0         	
2.396000	0         	2.396000	0         	2.396000	144.228   	2.396000	0         	
2.397000	0         	2.397000	0         	2.397000	144.228   	2.397000	0         	
2.398000	0         	2.398000	0         	2.398000	144.228   	2.398000	0         	
2.399000	0         	2.399000	0         	2.399000	144.228   	2.399000	0         	
2.400000	0         	2.400000	0         	2.400000	144.228   	2.400000	0         	
