Thickness of SUS flat deg [mm]1	(B-C) stopped in THIS detector	Thickness of SUS flat deg [mm]2	(C)   yield after THIS detector 	Thickness of SUS flat deg [mm]3	(A-B) stopped before THIS detector	Thickness of SUS flat deg [mm]4	(B)   yield before THIS detector	
1.900000	0         	1.900000	6.15037   	1.900000	0.525118  	1.900000	6.15037   	
1.901000	0         	1.901000	6.15012   	1.901000	0.525369  	1.901000	6.15012   	
1.902000	0         	1.902000	6.14987   	1.902000	0.52562   	1.902000	6.14987   	
1.903000	0         	1.903000	6.14961   	1.903000	0.525871  	1.903000	6.14961   	
1.904000	0         	1.904000	6.14936   	1.904000	0.526122  	1.904000	6.14936   	
1.905000	0         	1.905000	6.14911   	1.905000	0.526373  	1.905000	6.14911   	
1.906000	0         	1.906000	6.14886   	1.906000	0.526624  	1.906000	6.14886   	
1.907000	0         	1.907000	6.14861   	1.907000	0.526875  	1.907000	6.14861   	
1.908000	0         	1.908000	6.14836   	1.908000	0.527126  	1.908000	6.14836   	
1.909000	0         	1.909000	6.14811   	1.909000	0.527377  	1.909000	6.14811   	
1.910000	0         	1.910000	6.14786   	1.910000	0.527627  	1.910000	6.14786   	
1.911000	0         	1.911000	6.14761   	1.911000	0.527878  	1.911000	6.14761   	
1.912000	0         	1.912000	6.14736   	1.912000	0.528128  	1.912000	6.14736   	
1.913000	0         	1.913000	6.14711   	1.913000	0.528378  	1.913000	6.14711   	
1.914000	0         	1.914000	6.14686   	1.914000	0.528628  	1.914000	6.14686   	
1.915000	0         	1.915000	6.14661   	1.915000	0.528877  	1.915000	6.14661   	
1.916000	0         	1.916000	6.14636   	1.916000	0.529127  	1.916000	6.14636   	
1.917000	0         	1.917000	6.14611   	1.917000	0.529375  	1.917000	6.14611   	
1.918000	0         	1.918000	6.14586   	1.918000	0.529623  	1.918000	6.14586   	
1.919000	0         	1.919000	6.14562   	1.919000	0.52987   	1.919000	6.14562   	
1.920000	0         	1.920000	6.14537   	1.920000	0.530117  	1.920000	6.14537   	
1.921000	0         	1.921000	6.14512   	1.921000	0.530364  	1.921000	6.14512   	
1.922000	0         	1.922000	6.14488   	1.922000	0.530611  	1.922000	6.14488   	
1.923000	0         	1.923000	6.14463   	1.923000	0.530857  	1.923000	6.14463   	
1.924000	0         	1.924000	6.14438   	1.924000	0.531104  	1.924000	6.14438   	
1.925000	0         	1.925000	6.14414   	1.925000	0.531351  	1.925000	6.14414   	
1.926000	0         	1.926000	6.14389   	1.926000	0.531597  	1.926000	6.14389   	
1.927000	0         	1.927000	6.14364   	1.927000	0.531844  	1.927000	6.14364   	
1.928000	0         	1.928000	6.1434    	1.928000	0.53209   	1.928000	6.1434    	
1.929000	0         	1.929000	6.14315   	1.929000	0.532336  	1.929000	6.14315   	
1.930000	0         	1.930000	6.1429    	1.930000	0.532582  	1.930000	6.1429    	
1.931000	0         	1.931000	6.14266   	1.931000	0.532828  	1.931000	6.14266   	
1.932000	0         	1.932000	6.14241   	1.932000	0.533074  	1.932000	6.14241   	
1.933000	0         	1.933000	6.14217   	1.933000	0.53332   	1.933000	6.14217   	
1.934000	0         	1.934000	6.14192   	1.934000	0.533566  	1.934000	6.14192   	
1.935000	0         	1.935000	6.14167   	1.935000	0.533812  	1.935000	6.14167   	
1.936000	0         	1.936000	6.14143   	1.936000	0.534057  	1.936000	6.14143   	
1.937000	0         	1.937000	6.14118   	1.937000	0.534303  	1.937000	6.14118   	
1.938000	0         	1.938000	6.14094   	1.938000	0.534548  	1.938000	6.14094   	
1.939000	0         	1.939000	6.14069   	1.939000	0.534793  	1.939000	6.14069   	
1.940000	0         	1.940000	6.14045   	1.940000	0.535038  	1.940000	6.14045   	
1.941000	0         	1.941000	6.1402    	1.941000	0.535283  	1.941000	6.1402    	
1.942000	0         	1.942000	6.13996   	1.942000	0.535528  	1.942000	6.13996   	
1.943000	0         	1.943000	6.13971   	1.943000	0.535773  	1.943000	6.13971   	
1.944000	0         	1.944000	6.13947   	1.944000	0.536018  	1.944000	6.13947   	
1.945000	0         	1.945000	6.13922   	1.945000	0.536262  	1.945000	6.13922   	
1.946000	0         	1.946000	6.13898   	1.946000	0.536507  	1.946000	6.13898   	
1.947000	0         	1.947000	6.13874   	1.947000	0.536751  	1.947000	6.13874   	
1.948000	0         	1.948000	6.13849   	1.948000	0.536996  	1.948000	6.13849   	
1.949000	0         	1.949000	6.13825   	1.949000	0.53724   	1.949000	6.13825   	
1.950000	0         	1.950000	6.138     	1.950000	0.537484  	1.950000	6.138     	
1.951000	0         	1.951000	6.13776   	1.951000	0.537728  	1.951000	6.13776   	
1.952000	0         	1.952000	6.13751   	1.952000	0.537971  	1.952000	6.13751   	
1.953000	0         	1.953000	6.13727   	1.953000	0.538215  	1.953000	6.13727   	
1.954000	0         	1.954000	6.13703   	1.954000	0.538459  	1.954000	6.13703   	
1.955000	0         	1.955000	6.13678   	1.955000	0.538702  	1.955000	6.13678   	
1.956000	0         	1.956000	6.13654   	1.956000	0.538945  	1.956000	6.13654   	
1.957000	0         	1.957000	6.1363    	1.957000	0.539188  	1.957000	6.1363    	
1.958000	0         	1.958000	6.13606   	1.958000	0.539431  	1.958000	6.13606   	
1.959000	0         	1.959000	6.13581   	1.959000	0.539673  	1.959000	6.13581   	
1.960000	0         	1.960000	6.13557   	1.960000	0.539916  	1.960000	6.13557   	
1.961000	0         	1.961000	6.13533   	1.961000	0.540158  	1.961000	6.13533   	
1.962000	0         	1.962000	6.13509   	1.962000	0.5404    	1.962000	6.13509   	
1.963000	0         	1.963000	6.13484   	1.963000	0.540642  	1.963000	6.13484   	
1.964000	0         	1.964000	6.1346    	1.964000	0.540884  	1.964000	6.1346    	
1.965000	0         	1.965000	6.13436   	1.965000	0.541125  	1.965000	6.13436   	
1.966000	0         	1.966000	6.13412   	1.966000	0.541367  	1.966000	6.13412   	
1.967000	0         	1.967000	6.13388   	1.967000	0.541608  	1.967000	6.13388   	
1.968000	0         	1.968000	6.13364   	1.968000	0.541849  	1.968000	6.13364   	
1.969000	0         	1.969000	6.1334    	1.969000	0.54209   	1.969000	6.1334    	
1.970000	0         	1.970000	6.13316   	1.970000	0.542331  	1.970000	6.13316   	
1.971000	0         	1.971000	6.13291   	1.971000	0.542572  	1.971000	6.13291   	
1.972000	0         	1.972000	6.13267   	1.972000	0.542812  	1.972000	6.13267   	
1.973000	0         	1.973000	6.13243   	1.973000	0.543053  	1.973000	6.13243   	
1.974000	0         	1.974000	6.13219   	1.974000	0.543293  	1.974000	6.13219   	
1.975000	0         	1.975000	6.13195   	1.975000	0.543533  	1.975000	6.13195   	
1.976000	0         	1.976000	6.13171   	1.976000	0.543773  	1.976000	6.13171   	
1.977000	0         	1.977000	6.13147   	1.977000	0.544012  	1.977000	6.13147   	
1.978000	0         	1.978000	6.13123   	1.978000	0.544252  	1.978000	6.13123   	
1.979000	0         	1.979000	6.131     	1.979000	0.544491  	1.979000	6.131     	
1.980000	0         	1.980000	6.13076   	1.980000	0.54473   	1.980000	6.13076   	
1.981000	0         	1.981000	6.13052   	1.981000	0.544969  	1.981000	6.13052   	
1.982000	0         	1.982000	6.13028   	1.982000	0.545207  	1.982000	6.13028   	
1.983000	0         	1.983000	6.13004   	1.983000	0.545445  	1.983000	6.13004   	
1.984000	0         	1.984000	6.1298    	1.984000	0.545683  	1.984000	6.1298    	
1.985000	0         	1.985000	6.12957   	1.985000	0.54592   	1.985000	6.12957   	
1.986000	0         	1.986000	6.12933   	1.986000	0.546157  	1.986000	6.12933   	
1.987000	0         	1.987000	6.12909   	1.987000	0.546394  	1.987000	6.12909   	
1.988000	0         	1.988000	6.12886   	1.988000	0.546629  	1.988000	6.12886   	
1.989000	0         	1.989000	6.12862   	1.989000	0.546864  	1.989000	6.12862   	
1.990000	0         	1.990000	6.12839   	1.990000	0.547097  	1.990000	6.12839   	
1.991000	0         	1.991000	6.12816   	1.991000	0.547331  	1.991000	6.12816   	
1.992000	0         	1.992000	6.12792   	1.992000	0.547564  	1.992000	6.12792   	
1.993000	0         	1.993000	6.12769   	1.993000	0.547797  	1.993000	6.12769   	
1.994000	0         	1.994000	6.12746   	1.994000	0.54803   	1.994000	6.12746   	
1.995000	0         	1.995000	6.12722   	1.995000	0.548262  	1.995000	6.12722   	
1.996000	0         	1.996000	6.12699   	1.996000	0.548494  	1.996000	6.12699   	
1.997000	0         	1.997000	6.12676   	1.997000	0.548726  	1.997000	6.12676   	
1.998000	0         	1.998000	6.12653   	1.998000	0.548958  	1.998000	6.12653   	
1.999000	0         	1.999000	6.1263    	1.999000	0.549189  	1.999000	6.1263    	
2.000000	0         	2.000000	6.12607   	2.000000	0.54942   	2.000000	6.12607   	
2.001000	0         	2.001000	6.12584   	2.001000	0.54965   	2.001000	6.12584   	
2.002000	0         	2.002000	6.12561   	2.002000	0.549881  	2.002000	6.12561   	
2.003000	0         	2.003000	6.12538   	2.003000	0.550111  	2.003000	6.12538   	
2.004000	0         	2.004000	6.12515   	2.004000	0.55034   	2.004000	6.12515   	
2.005000	0         	2.005000	6.12492   	2.005000	0.550569  	2.005000	6.12492   	
2.006000	0         	2.006000	6.12469   	2.006000	0.550798  	2.006000	6.12469   	
2.007000	0         	2.007000	6.12446   	2.007000	0.551027  	2.007000	6.12446   	
2.008000	0         	2.008000	6.12423   	2.008000	0.551255  	2.008000	6.12423   	
2.009000	0         	2.009000	6.124     	2.009000	0.551482  	2.009000	6.124     	
2.010000	0         	2.010000	6.12378   	2.010000	0.551709  	2.010000	6.12378   	
2.011000	0         	2.011000	6.12355   	2.011000	0.551936  	2.011000	6.12355   	
2.012000	0         	2.012000	6.12332   	2.012000	0.552163  	2.012000	6.12332   	
2.013000	0         	2.013000	6.1231    	2.013000	0.552389  	2.013000	6.1231    	
2.014000	0         	2.014000	6.12287   	2.014000	0.552614  	2.014000	6.12287   	
2.015000	0         	2.015000	6.12265   	2.015000	0.552839  	2.015000	6.12265   	
2.016000	0         	2.016000	6.12242   	2.016000	0.553064  	2.016000	6.12242   	
2.017000	0         	2.017000	6.1222    	2.017000	0.553288  	2.017000	6.1222    	
2.018000	0         	2.018000	6.12197   	2.018000	0.553511  	2.018000	6.12197   	
2.019000	0         	2.019000	6.12175   	2.019000	0.553734  	2.019000	6.12175   	
2.020000	0         	2.020000	6.12153   	2.020000	0.553957  	2.020000	6.12153   	
2.021000	0         	2.021000	6.12131   	2.021000	0.554179  	2.021000	6.12131   	
2.022000	0         	2.022000	6.12109   	2.022000	0.5544    	2.022000	6.12109   	
2.023000	0         	2.023000	6.12087   	2.023000	0.554621  	2.023000	6.12087   	
2.024000	0         	2.024000	6.12065   	2.024000	0.554841  	2.024000	6.12065   	
2.025000	0         	2.025000	6.12043   	2.025000	0.555061  	2.025000	6.12043   	
2.026000	0         	2.026000	6.12021   	2.026000	0.55528   	2.026000	6.12021   	
2.027000	0         	2.027000	6.11999   	2.027000	0.555498  	2.027000	6.11999   	
2.028000	0         	2.028000	6.11977   	2.028000	0.555716  	2.028000	6.11977   	
2.029000	0         	2.029000	6.11955   	2.029000	0.555933  	2.029000	6.11955   	
2.030000	0         	2.030000	6.11934   	2.030000	0.556148  	2.030000	6.11934   	
2.031000	0         	2.031000	6.11912   	2.031000	0.556364  	2.031000	6.11912   	
2.032000	0         	2.032000	6.11891   	2.032000	0.556578  	2.032000	6.11891   	
2.033000	0         	2.033000	6.11869   	2.033000	0.556792  	2.033000	6.11869   	
2.034000	0         	2.034000	6.11848   	2.034000	0.557004  	2.034000	6.11848   	
2.035000	0         	2.035000	6.11827   	2.035000	0.557216  	2.035000	6.11827   	
2.036000	0         	2.036000	6.11806   	2.036000	0.557427  	2.036000	6.11806   	
2.037000	0         	2.037000	6.11785   	2.037000	0.557637  	2.037000	6.11785   	
2.038000	0         	2.038000	6.11764   	2.038000	0.557846  	2.038000	6.11764   	
2.039000	0         	2.039000	6.11743   	2.039000	0.558054  	2.039000	6.11743   	
2.040000	0         	2.040000	6.11722   	2.040000	0.558261  	2.040000	6.11722   	
2.041000	0         	2.041000	6.11702   	2.041000	0.558467  	2.041000	6.11702   	
2.042000	0         	2.042000	6.11681   	2.042000	0.558672  	2.042000	6.11681   	
2.043000	0         	2.043000	6.11661   	2.043000	0.558876  	2.043000	6.11661   	
2.044000	0         	2.044000	6.11641   	2.044000	0.559078  	2.044000	6.11641   	
2.045000	0         	2.045000	6.11621   	2.045000	0.55928   	2.045000	6.11621   	
2.046000	0         	2.046000	6.11601   	2.046000	0.559479  	2.046000	6.11601   	
2.047000	0         	2.047000	6.11581   	2.047000	0.559678  	2.047000	6.11581   	
2.048000	0         	2.048000	6.11561   	2.048000	0.559875  	2.048000	6.11561   	
2.049000	0         	2.049000	6.11542   	2.049000	0.56007   	2.049000	6.11542   	
2.050000	0         	2.050000	6.11522   	2.050000	0.560264  	2.050000	6.11522   	
2.051000	0         	2.051000	6.11503   	2.051000	0.560456  	2.051000	6.11503   	
2.052000	0         	2.052000	6.11484   	2.052000	0.560646  	2.052000	6.11484   	
2.053000	0         	2.053000	6.11465   	2.053000	0.560835  	2.053000	6.11465   	
2.054000	0         	2.054000	6.11447   	2.054000	0.561021  	2.054000	6.11447   	
2.055000	0         	2.055000	6.11428   	2.055000	0.561205  	2.055000	6.11428   	
2.056000	6.13435e-09	2.056000	6.1141    	2.056000	0.561387  	2.056000	6.1141    	
2.057000	9.98683e-07	2.057000	6.11387   	2.057000	0.561613  	2.057000	6.11387   	
2.058000	8.10329e-06	2.058000	6.11369   	2.058000	0.561792  	2.058000	6.11369   	
2.059000	3.19383e-05	2.059000	6.11348   	2.059000	0.56197   	2.059000	6.11352   	
2.060000	7.2774e-05	2.060000	6.11326   	2.060000	0.562155  	2.060000	6.11333   	
2.061000	0.000153131	2.061000	6.11297   	2.061000	0.56236   	2.061000	6.11313   	
2.062000	0.000286804	2.062000	6.11259   	2.062000	0.562605  	2.062000	6.11288   	
2.063000	0.000513055	2.063000	6.11205   	2.063000	0.562926  	2.063000	6.11256   	
2.064000	0.000876868	2.064000	6.11124   	2.064000	0.563373  	2.064000	6.11211   	
2.065000	0.00145882	2.065000	6.11      	2.065000	0.564029  	2.065000	6.11146   	
2.066000	0.00234748	2.066000	6.10812   	2.066000	0.565023  	2.066000	6.11046   	
2.067000	0.00363926	2.067000	6.10531   	2.067000	0.56654   	2.067000	6.10895   	
2.068000	0.00549442	2.068000	6.10116   	2.068000	0.568836  	2.068000	6.10665   	
2.069000	0.00811813	2.069000	6.09511   	2.069000	0.572254  	2.069000	6.10323   	
2.070000	0.0117243 	2.070000	6.08652   	2.070000	0.577245  	2.070000	6.09824   	
2.071000	0.0165645 	2.071000	6.07458   	2.071000	0.584339  	2.071000	6.09115   	
2.072000	0.0229036 	2.072000	6.05831   	2.072000	0.59427   	2.072000	6.08122   	
2.073000	0.0309821 	2.073000	6.03669   	2.073000	0.607815  	2.073000	6.06767   	
2.074000	0.041045  	2.074000	6.0086    	2.074000	0.625845  	2.074000	6.04964   	
2.075000	0.0533051 	2.075000	5.97293   	2.075000	0.649251  	2.075000	6.02624   	
2.076000	0.0679316 	2.076000	5.92873   	2.076000	0.678828  	2.076000	5.99666   	
2.077000	0.0849478 	2.077000	5.87525   	2.077000	0.71529   	2.077000	5.9602    	
2.078000	0.104416  	2.078000	5.81229   	2.078000	0.758783  	2.078000	5.9167    	
2.079000	0.12616   	2.079000	5.73997   	2.079000	0.809354  	2.079000	5.86613   	
2.080000	0.15018   	2.080000	5.65941   	2.080000	0.865892  	2.080000	5.80959   	
2.081000	0.176144  	2.081000	5.57261   	2.081000	0.926737  	2.081000	5.74875   	
2.082000	0.204144  	2.082000	5.48212   	2.082000	0.989218  	2.082000	5.68627   	
2.083000	0.234022  	2.083000	5.39109   	2.083000	1.05037   	2.083000	5.62512   	
2.084000	0.265783  	2.084000	5.30464   	2.084000	1.10507   	2.084000	5.57042   	
2.085000	0.299887  	2.085000	5.22543   	2.085000	1.15017   	2.085000	5.52531   	
2.086000	0.33731   	2.086000	5.15453   	2.086000	1.18365   	2.086000	5.49184   	
2.087000	0.379302  	2.087000	5.09052   	2.087000	1.20566   	2.087000	5.46982   	
2.088000	0.427355  	2.088000	5.03153   	2.088000	1.2166    	2.088000	5.45888   	
2.089000	0.480695  	2.089000	4.97646   	2.089000	1.21833   	2.089000	5.45715   	
2.090000	0.540822  	2.090000	4.91704   	2.090000	1.21762   	2.090000	5.45786   	
2.091000	0.609065  	2.091000	4.84455   	2.091000	1.22187   	2.091000	5.45361   	
2.092000	0.677428  	2.092000	4.75764   	2.092000	1.24042   	2.092000	5.43506   	
2.093000	0.753245  	2.093000	4.63635   	2.093000	1.28589   	2.093000	5.38959   	
2.094000	0.835644  	2.094000	4.45264   	2.094000	1.3872    	2.094000	5.28829   	
2.095000	0.927906  	2.095000	4.17028   	2.095000	1.5773    	2.095000	5.09819   	
2.096000	1.00062   	2.096000	3.7314    	2.096000	1.94347   	2.096000	4.73202   	
2.097000	1.04823   	2.097000	2.99359   	2.097000	2.63367   	2.097000	4.04182   	
2.098000	1.00693   	2.098000	2.03343   	2.098000	3.63513   	2.098000	3.04035   	
2.099000	0.889242  	2.099000	1.20735   	2.099000	4.57889   	2.099000	2.0966    	
2.100000	0.768871  	2.100000	0.739042  	2.100000	5.16757   	2.100000	1.50791   	
2.101000	0.666916  	2.101000	0.480606  	2.101000	5.52796   	2.101000	1.14752   	
2.102000	0.382533  	2.102000	0.0561831 	2.102000	6.23677   	2.102000	0.438716  	
2.103000	0.27822   	2.103000	0.0146079 	2.103000	6.38266   	2.103000	0.292828  	
2.104000	0.177625  	2.104000	0         	2.104000	6.49786   	2.104000	0.177625  	
2.105000	0.10376   	2.105000	0         	2.105000	6.57173   	2.105000	0.10376   	
2.106000	0.0356752 	2.106000	0         	2.106000	6.63981   	2.106000	0.0356752 	
2.107000	4.19135e-13	2.107000	0         	2.107000	6.67549   	2.107000	4.19135e-13	
2.108000	2.01344e-15	2.108000	0         	2.108000	6.67549   	2.108000	2.01344e-15	
2.109000	0.000595087	2.109000	0         	2.109000	6.67489   	2.109000	0.000595087	
2.110000	0         	2.110000	0         	2.110000	6.67549   	2.110000	0         	
2.111000	0         	2.111000	0         	2.111000	6.67549   	2.111000	0         	
2.112000	0         	2.112000	0         	2.112000	6.67549   	2.112000	0         	
2.113000	0         	2.113000	0         	2.113000	6.67549   	2.113000	0         	
2.114000	0         	2.114000	0         	2.114000	6.67549   	2.114000	0         	
2.115000	0         	2.115000	0         	2.115000	6.67549   	2.115000	0         	
2.116000	0         	2.116000	0         	2.116000	6.67549   	2.116000	0         	
2.117000	0         	2.117000	0         	2.117000	6.67549   	2.117000	0         	
2.118000	0         	2.118000	0         	2.118000	6.67549   	2.118000	0         	
2.119000	0         	2.119000	0         	2.119000	6.67549   	2.119000	0         	
2.120000	0         	2.120000	0         	2.120000	6.67549   	2.120000	0         	
2.121000	0         	2.121000	0         	2.121000	6.67549   	2.121000	0         	
2.122000	0         	2.122000	0         	2.122000	6.67549   	2.122000	0         	
2.123000	0         	2.123000	0         	2.123000	6.67549   	2.123000	0         	
2.124000	0         	2.124000	0         	2.124000	6.67549   	2.124000	0         	
2.125000	0         	2.125000	0         	2.125000	6.67549   	2.125000	0         	
2.126000	0         	2.126000	0         	2.126000	6.67549   	2.126000	0         	
2.127000	0         	2.127000	0         	2.127000	6.67549   	2.127000	0         	
2.128000	0         	2.128000	0         	2.128000	6.67549   	2.128000	0         	
2.129000	0         	2.129000	0         	2.129000	6.67549   	2.129000	0         	
2.130000	0         	2.130000	0         	2.130000	6.67549   	2.130000	0         	
2.131000	0         	2.131000	0         	2.131000	6.67549   	2.131000	0         	
2.132000	0         	2.132000	0         	2.132000	6.67549   	2.132000	0         	
2.133000	0         	2.133000	0         	2.133000	6.67549   	2.133000	0         	
2.134000	0         	2.134000	0         	2.134000	6.67549   	2.134000	0         	
2.135000	0         	2.135000	0         	2.135000	6.67549   	2.135000	0         	
2.136000	0         	2.136000	0         	2.136000	6.67549   	2.136000	0         	
2.137000	0         	2.137000	0         	2.137000	6.67549   	2.137000	0         	
2.138000	0         	2.138000	0         	2.138000	6.67549   	2.138000	0         	
2.139000	0         	2.139000	0         	2.139000	6.67549   	2.139000	0         	
2.140000	0         	2.140000	0         	2.140000	6.67549   	2.140000	0         	
2.141000	0         	2.141000	0         	2.141000	6.67549   	2.141000	0         	
2.142000	0         	2.142000	0         	2.142000	6.67549   	2.142000	0         	
2.143000	0         	2.143000	0         	2.143000	6.67549   	2.143000	0         	
2.144000	0         	2.144000	0         	2.144000	6.67549   	2.144000	0         	
2.145000	0         	2.145000	0         	2.145000	6.67549   	2.145000	0         	
2.146000	0         	2.146000	0         	2.146000	6.67549   	2.146000	0         	
2.147000	0         	2.147000	0         	2.147000	6.67549   	2.147000	0         	
2.148000	0         	2.148000	0         	2.148000	6.67549   	2.148000	0         	
2.149000	0         	2.149000	0         	2.149000	6.67549   	2.149000	0         	
2.150000	0         	2.150000	0         	2.150000	6.67549   	2.150000	0         	
2.151000	0         	2.151000	0         	2.151000	6.67549   	2.151000	0         	
2.152000	0         	2.152000	0         	2.152000	6.67549   	2.152000	0         	
2.153000	0         	2.153000	0         	2.153000	6.67549   	2.153000	0         	
2.154000	0         	2.154000	0         	2.154000	6.67549   	2.154000	0         	
2.155000	0         	2.155000	0         	2.155000	6.67549   	2.155000	0         	
2.156000	0         	2.156000	0         	2.156000	6.67549   	2.156000	0         	
2.157000	0         	2.157000	0         	2.157000	6.67549   	2.157000	0         	
2.158000	0         	2.158000	0         	2.158000	6.67549   	2.158000	0         	
2.159000	0         	2.159000	0         	2.159000	6.67549   	2.159000	0         	
2.160000	0         	2.160000	0         	2.160000	6.67549   	2.160000	0         	
2.161000	0         	2.161000	0         	2.161000	6.67549   	2.161000	0         	
2.162000	0         	2.162000	0         	2.162000	6.67549   	2.162000	0         	
2.163000	0         	2.163000	0         	2.163000	6.67549   	2.163000	0         	
2.164000	0         	2.164000	0         	2.164000	6.67549   	2.164000	0         	
2.165000	0         	2.165000	0         	2.165000	6.67549   	2.165000	0         	
2.166000	0         	2.166000	0         	2.166000	6.67549   	2.166000	0         	
2.167000	0         	2.167000	0         	2.167000	6.67549   	2.167000	0         	
2.168000	0         	2.168000	0         	2.168000	6.67549   	2.168000	0         	
2.169000	0         	2.169000	0         	2.169000	6.67549   	2.169000	0         	
2.170000	0         	2.170000	0         	2.170000	6.67549   	2.170000	0         	
2.171000	0         	2.171000	0         	2.171000	6.67549   	2.171000	0         	
2.172000	0         	2.172000	0         	2.172000	6.67549   	2.172000	0         	
2.173000	0         	2.173000	0         	2.173000	6.67549   	2.173000	0         	
2.174000	0         	2.174000	0         	2.174000	6.67549   	2.174000	0         	
2.175000	0         	2.175000	0         	2.175000	6.67549   	2.175000	0         	
2.176000	0         	2.176000	0         	2.176000	6.67549   	2.176000	0         	
2.177000	0         	2.177000	0         	2.177000	6.67549   	2.177000	0         	
2.178000	0         	2.178000	0         	2.178000	6.67549   	2.178000	0         	
2.179000	0         	2.179000	0         	2.179000	6.67549   	2.179000	0         	
2.180000	0         	2.180000	0         	2.180000	6.67549   	2.180000	0         	
2.181000	0         	2.181000	0         	2.181000	6.67549   	2.181000	0         	
2.182000	0         	2.182000	0         	2.182000	6.67549   	2.182000	0         	
2.183000	0         	2.183000	0         	2.183000	6.67549   	2.183000	0         	
2.184000	0         	2.184000	0         	2.184000	6.67549   	2.184000	0         	
2.185000	0         	2.185000	0         	2.185000	6.67549   	2.185000	0         	
2.186000	0         	2.186000	0         	2.186000	6.67549   	2.186000	0         	
2.187000	0         	2.187000	0         	2.187000	6.67549   	2.187000	0         	
2.188000	0         	2.188000	0         	2.188000	6.67549   	2.188000	0         	
2.189000	0         	2.189000	0         	2.189000	6.67549   	2.189000	0         	
2.190000	0         	2.190000	0         	2.190000	6.67549   	2.190000	0         	
2.191000	0         	2.191000	0         	2.191000	6.67549   	2.191000	0         	
2.192000	0         	2.192000	0         	2.192000	6.67549   	2.192000	0         	
2.193000	0         	2.193000	0         	2.193000	6.67549   	2.193000	0         	
2.194000	0         	2.194000	0         	2.194000	6.67549   	2.194000	0         	
2.195000	0         	2.195000	0         	2.195000	6.67549   	2.195000	0         	
2.196000	0         	2.196000	0         	2.196000	6.67549   	2.196000	0         	
2.197000	0         	2.197000	0         	2.197000	6.67549   	2.197000	0         	
2.198000	0         	2.198000	0         	2.198000	6.67549   	2.198000	0         	
2.199000	0         	2.199000	0         	2.199000	6.67549   	2.199000	0         	
2.200000	0         	2.200000	0         	2.200000	6.67549   	2.200000	0         	
2.201000	0         	2.201000	0         	2.201000	6.67549   	2.201000	0         	
2.202000	0         	2.202000	0         	2.202000	6.67549   	2.202000	0         	
2.203000	0         	2.203000	0         	2.203000	6.67549   	2.203000	0         	
2.204000	0         	2.204000	0         	2.204000	6.67549   	2.204000	0         	
2.205000	0         	2.205000	0         	2.205000	6.67549   	2.205000	0         	
2.206000	0         	2.206000	0         	2.206000	6.67549   	2.206000	0         	
2.207000	0         	2.207000	0         	2.207000	6.67549   	2.207000	0         	
2.208000	0         	2.208000	0         	2.208000	6.67549   	2.208000	0         	
2.209000	0         	2.209000	0         	2.209000	6.67549   	2.209000	0         	
2.210000	0         	2.210000	0         	2.210000	6.67549   	2.210000	0         	
2.211000	0         	2.211000	0         	2.211000	6.67549   	2.211000	0         	
2.212000	0         	2.212000	0         	2.212000	6.67549   	2.212000	0         	
2.213000	0         	2.213000	0         	2.213000	6.67549   	2.213000	0         	
2.214000	0         	2.214000	0         	2.214000	6.67549   	2.214000	0         	
2.215000	0         	2.215000	0         	2.215000	6.67549   	2.215000	0         	
2.216000	0         	2.216000	0         	2.216000	6.67549   	2.216000	0         	
2.217000	0         	2.217000	0         	2.217000	6.67549   	2.217000	0         	
2.218000	0         	2.218000	0         	2.218000	6.67549   	2.218000	0         	
2.219000	0         	2.219000	0         	2.219000	6.67549   	2.219000	0         	
2.220000	0         	2.220000	0         	2.220000	6.67549   	2.220000	0         	
2.221000	0         	2.221000	0         	2.221000	6.67549   	2.221000	0         	
2.222000	0         	2.222000	0         	2.222000	6.67549   	2.222000	0         	
2.223000	0         	2.223000	0         	2.223000	6.67549   	2.223000	0         	
2.224000	0         	2.224000	0         	2.224000	6.67549   	2.224000	0         	
2.225000	0         	2.225000	0         	2.225000	6.67549   	2.225000	0         	
2.226000	0         	2.226000	0         	2.226000	6.67549   	2.226000	0         	
2.227000	0         	2.227000	0         	2.227000	6.67549   	2.227000	0         	
2.228000	0         	2.228000	0         	2.228000	6.67549   	2.228000	0         	
2.229000	0         	2.229000	0         	2.229000	6.67549   	2.229000	0         	
2.230000	0         	2.230000	0         	2.230000	6.67549   	2.230000	0         	
2.231000	0         	2.231000	0         	2.231000	6.67549   	2.231000	0         	
2.232000	0         	2.232000	0         	2.232000	6.67549   	2.232000	0         	
2.233000	0         	2.233000	0         	2.233000	6.67549   	2.233000	0         	
2.234000	0         	2.234000	0         	2.234000	6.67549   	2.234000	0         	
2.235000	0         	2.235000	0         	2.235000	6.67549   	2.235000	0         	
2.236000	0         	2.236000	0         	2.236000	6.67549   	2.236000	0         	
2.237000	0         	2.237000	0         	2.237000	6.67549   	2.237000	0         	
2.238000	0         	2.238000	0         	2.238000	6.67549   	2.238000	0         	
2.239000	0         	2.239000	0         	2.239000	6.67549   	2.239000	0         	
2.240000	0         	2.240000	0         	2.240000	6.67549   	2.240000	0         	
2.241000	0         	2.241000	0         	2.241000	6.67549   	2.241000	0         	
2.242000	0         	2.242000	0         	2.242000	6.67549   	2.242000	0         	
2.243000	0         	2.243000	0         	2.243000	6.67549   	2.243000	0         	
2.244000	0         	2.244000	0         	2.244000	6.67549   	2.244000	0         	
2.245000	0         	2.245000	0         	2.245000	6.67549   	2.245000	0         	
2.246000	0         	2.246000	0         	2.246000	6.67549   	2.246000	0         	
2.247000	0         	2.247000	0         	2.247000	6.67549   	2.247000	0         	
2.248000	0         	2.248000	0         	2.248000	6.67549   	2.248000	0         	
2.249000	0         	2.249000	0         	2.249000	6.67549   	2.249000	0         	
2.250000	0         	2.250000	0         	2.250000	6.67549   	2.250000	0         	
2.251000	0         	2.251000	0         	2.251000	6.67549   	2.251000	0         	
2.252000	0         	2.252000	0         	2.252000	6.67549   	2.252000	0         	
2.253000	0         	2.253000	0         	2.253000	6.67549   	2.253000	0         	
2.254000	0         	2.254000	0         	2.254000	6.67549   	2.254000	0         	
2.255000	0         	2.255000	0         	2.255000	6.67549   	2.255000	0         	
2.256000	0         	2.256000	0         	2.256000	6.67549   	2.256000	0         	
2.257000	0         	2.257000	0         	2.257000	6.67549   	2.257000	0         	
2.258000	0         	2.258000	0         	2.258000	6.67549   	2.258000	0         	
2.259000	0         	2.259000	0         	2.259000	6.67549   	2.259000	0         	
2.260000	0         	2.260000	0         	2.260000	6.67549   	2.260000	0         	
2.261000	0         	2.261000	0         	2.261000	6.67549   	2.261000	0         	
2.262000	0         	2.262000	0         	2.262000	6.67549   	2.262000	0         	
2.263000	0         	2.263000	0         	2.263000	6.67549   	2.263000	0         	
2.264000	0         	2.264000	0         	2.264000	6.67549   	2.264000	0         	
2.265000	0         	2.265000	0         	2.265000	6.67549   	2.265000	0         	
2.266000	0         	2.266000	0         	2.266000	6.67549   	2.266000	0         	
2.267000	0         	2.267000	0         	2.267000	6.67549   	2.267000	0         	
2.268000	0         	2.268000	0         	2.268000	6.67549   	2.268000	0         	
2.269000	0         	2.269000	0         	2.269000	6.67549   	2.269000	0         	
2.270000	0         	2.270000	0         	2.270000	6.67549   	2.270000	0         	
2.271000	0         	2.271000	0         	2.271000	6.67549   	2.271000	0         	
2.272000	0         	2.272000	0         	2.272000	6.67549   	2.272000	0         	
2.273000	0         	2.273000	0         	2.273000	6.67549   	2.273000	0         	
2.274000	0         	2.274000	0         	2.274000	6.67549   	2.274000	0         	
2.275000	0         	2.275000	0         	2.275000	6.67549   	2.275000	0         	
2.276000	0         	2.276000	0         	2.276000	6.67549   	2.276000	0         	
2.277000	0         	2.277000	0         	2.277000	6.67549   	2.277000	0         	
2.278000	0         	2.278000	0         	2.278000	6.67549   	2.278000	0         	
2.279000	0         	2.279000	0         	2.279000	6.67549   	2.279000	0         	
2.280000	0         	2.280000	0         	2.280000	6.67549   	2.280000	0         	
2.281000	0         	2.281000	0         	2.281000	6.67549   	2.281000	0         	
2.282000	0         	2.282000	0         	2.282000	6.67549   	2.282000	0         	
2.283000	0         	2.283000	0         	2.283000	6.67549   	2.283000	0         	
2.284000	0         	2.284000	0         	2.284000	6.67549   	2.284000	0         	
2.285000	0         	2.285000	0         	2.285000	6.67549   	2.285000	0         	
2.286000	0         	2.286000	0         	2.286000	6.67549   	2.286000	0         	
2.287000	0         	2.287000	0         	2.287000	6.67549   	2.287000	0         	
2.288000	0         	2.288000	0         	2.288000	6.67549   	2.288000	0         	
2.289000	0         	2.289000	0         	2.289000	6.67549   	2.289000	0         	
2.290000	0         	2.290000	0         	2.290000	6.67549   	2.290000	0         	
2.291000	0         	2.291000	0         	2.291000	6.67549   	2.291000	0         	
2.292000	0         	2.292000	0         	2.292000	6.67549   	2.292000	0         	
2.293000	0         	2.293000	0         	2.293000	6.67549   	2.293000	0         	
2.294000	0         	2.294000	0         	2.294000	6.67549   	2.294000	0         	
2.295000	0         	2.295000	0         	2.295000	6.67549   	2.295000	0         	
2.296000	0         	2.296000	0         	2.296000	6.67549   	2.296000	0         	
2.297000	0         	2.297000	0         	2.297000	6.67549   	2.297000	0         	
2.298000	0         	2.298000	0         	2.298000	6.67549   	2.298000	0         	
2.299000	0         	2.299000	0         	2.299000	6.67549   	2.299000	0         	
2.300000	0         	2.300000	0         	2.300000	6.67549   	2.300000	0         	
2.301000	0         	2.301000	0         	2.301000	6.67549   	2.301000	0         	
2.302000	0         	2.302000	0         	2.302000	6.67549   	2.302000	0         	
2.303000	0         	2.303000	0         	2.303000	6.67549   	2.303000	0         	
2.304000	0         	2.304000	0         	2.304000	6.67549   	2.304000	0         	
2.305000	0         	2.305000	0         	2.305000	6.67549   	2.305000	0         	
2.306000	0         	2.306000	0         	2.306000	6.67549   	2.306000	0         	
2.307000	0         	2.307000	0         	2.307000	6.67549   	2.307000	0         	
2.308000	0         	2.308000	0         	2.308000	6.67549   	2.308000	0         	
2.309000	0         	2.309000	0         	2.309000	6.67549   	2.309000	0         	
2.310000	0         	2.310000	0         	2.310000	6.67549   	2.310000	0         	
2.311000	0         	2.311000	0         	2.311000	6.67549   	2.311000	0         	
2.312000	0         	2.312000	0         	2.312000	6.67549   	2.312000	0         	
2.313000	0         	2.313000	0         	2.313000	6.67549   	2.313000	0         	
2.314000	0         	2.314000	0         	2.314000	6.67549   	2.314000	0         	
2.315000	0         	2.315000	0         	2.315000	6.67549   	2.315000	0         	
2.316000	0         	2.316000	0         	2.316000	6.67549   	2.316000	0         	
2.317000	0         	2.317000	0         	2.317000	6.67549   	2.317000	0         	
2.318000	0         	2.318000	0         	2.318000	6.67549   	2.318000	0         	
2.319000	0         	2.319000	0         	2.319000	6.67549   	2.319000	0         	
2.320000	0         	2.320000	0         	2.320000	6.67549   	2.320000	0         	
2.321000	0         	2.321000	0         	2.321000	6.67549   	2.321000	0         	
2.322000	0         	2.322000	0         	2.322000	6.67549   	2.322000	0         	
2.323000	0         	2.323000	0         	2.323000	6.67549   	2.323000	0         	
2.324000	0         	2.324000	0         	2.324000	6.67549   	2.324000	0         	
2.325000	0         	2.325000	0         	2.325000	6.67549   	2.325000	0         	
2.326000	0         	2.326000	0         	2.326000	6.67549   	2.326000	0         	
2.327000	0         	2.327000	0         	2.327000	6.67549   	2.327000	0         	
2.328000	0         	2.328000	0         	2.328000	6.67549   	2.328000	0         	
2.329000	0         	2.329000	0         	2.329000	6.67549   	2.329000	0         	
2.330000	0         	2.330000	0         	2.330000	6.67549   	2.330000	0         	
2.331000	0         	2.331000	0         	2.331000	6.67549   	2.331000	0         	
2.332000	0         	2.332000	0         	2.332000	6.67549   	2.332000	0         	
2.333000	0         	2.333000	0         	2.333000	6.67549   	2.333000	0         	
2.334000	0         	2.334000	0         	2.334000	6.67549   	2.334000	0         	
2.335000	0         	2.335000	0         	2.335000	6.67549   	2.335000	0         	
2.336000	0         	2.336000	0         	2.336000	6.67549   	2.336000	0         	
2.337000	0         	2.337000	0         	2.337000	6.67549   	2.337000	0         	
2.338000	0         	2.338000	0         	2.338000	6.67549   	2.338000	0         	
2.339000	0         	2.339000	0         	2.339000	6.67549   	2.339000	0         	
2.340000	0         	2.340000	0         	2.340000	6.67549   	2.340000	0         	
2.341000	0         	2.341000	0         	2.341000	6.67549   	2.341000	0         	
2.342000	0         	2.342000	0         	2.342000	6.67549   	2.342000	0         	
2.343000	0         	2.343000	0         	2.343000	6.67549   	2.343000	0         	
2.344000	0         	2.344000	0         	2.344000	6.67549   	2.344000	0         	
2.345000	0         	2.345000	0         	2.345000	6.67549   	2.345000	0         	
2.346000	0         	2.346000	0         	2.346000	6.67549   	2.346000	0         	
2.347000	0         	2.347000	0         	2.347000	6.67549   	2.347000	0         	
2.348000	0         	2.348000	0         	2.348000	6.67549   	2.348000	0         	
2.349000	0         	2.349000	0         	2.349000	6.67549   	2.349000	0         	
2.350000	0         	2.350000	0         	2.350000	6.67549   	2.350000	0         	
2.351000	0         	2.351000	0         	2.351000	6.67549   	2.351000	0         	
2.352000	0         	2.352000	0         	2.352000	6.67549   	2.352000	0         	
2.353000	0         	2.353000	0         	2.353000	6.67549   	2.353000	0         	
2.354000	0         	2.354000	0         	2.354000	6.67549   	2.354000	0         	
2.355000	0         	2.355000	0         	2.355000	6.67549   	2.355000	0         	
2.356000	0         	2.356000	0         	2.356000	6.67549   	2.356000	0         	
2.357000	0         	2.357000	0         	2.357000	6.67549   	2.357000	0         	
2.358000	0         	2.358000	0         	2.358000	6.67549   	2.358000	0         	
2.359000	0         	2.359000	0         	2.359000	6.67549   	2.359000	0         	
2.360000	0         	2.360000	0         	2.360000	6.67549   	2.360000	0         	
2.361000	0         	2.361000	0         	2.361000	6.67549   	2.361000	0         	
2.362000	0         	2.362000	0         	2.362000	6.67549   	2.362000	0         	
2.363000	0         	2.363000	0         	2.363000	6.67549   	2.363000	0         	
2.364000	0         	2.364000	0         	2.364000	6.67549   	2.364000	0         	
2.365000	0         	2.365000	0         	2.365000	6.67549   	2.365000	0         	
2.366000	0         	2.366000	0         	2.366000	6.67549   	2.366000	0         	
2.367000	0         	2.367000	0         	2.367000	6.67549   	2.367000	0         	
2.368000	0         	2.368000	0         	2.368000	6.67549   	2.368000	0         	
2.369000	0         	2.369000	0         	2.369000	6.67549   	2.369000	0         	
2.370000	0         	2.370000	0         	2.370000	6.67549   	2.370000	0         	
2.371000	0         	2.371000	0         	2.371000	6.67549   	2.371000	0         	
2.372000	0         	2.372000	0         	2.372000	6.67549   	2.372000	0         	
2.373000	0         	2.373000	0         	2.373000	6.67549   	2.373000	0         	
2.374000	0         	2.374000	0         	2.374000	6.67549   	2.374000	0         	
2.375000	0         	2.375000	0         	2.375000	6.67549   	2.375000	0         	
2.376000	0         	2.376000	0         	2.376000	6.67549   	2.376000	0         	
2.377000	0         	2.377000	0         	2.377000	6.67549   	2.377000	0         	
2.378000	0         	2.378000	0         	2.378000	6.67549   	2.378000	0         	
2.379000	0         	2.379000	0         	2.379000	6.67549   	2.379000	0         	
2.380000	0         	2.380000	0         	2.380000	6.67549   	2.380000	0         	
2.381000	0         	2.381000	0         	2.381000	6.67549   	2.381000	0         	
2.382000	0         	2.382000	0         	2.382000	6.67549   	2.382000	0         	
2.383000	0         	2.383000	0         	2.383000	6.67549   	2.383000	0         	
2.384000	0         	2.384000	0         	2.384000	6.67549   	2.384000	0         	
2.385000	0         	2.385000	0         	2.385000	6.67549   	2.385000	0         	
2.386000	0         	2.386000	0         	2.386000	6.67549   	2.386000	0         	
2.387000	0         	2.387000	0         	2.387000	6.67549   	2.387000	0         	
2.388000	0         	2.388000	0         	2.388000	6.67549   	2.388000	0         	
2.389000	0         	2.389000	0         	2.389000	6.67549   	2.389000	0         	
2.390000	0         	2.390000	0         	2.390000	6.67549   	2.390000	0         	
2.391000	0         	2.391000	0         	2.391000	6.67549   	2.391000	0         	
2.392000	0         	2.392000	0         	2.392000	6.67549   	2.392000	0         	
2.393000	0         	2.393000	0         	2.393000	6.67549   	2.393000	0         	
2.394000	0         	2.394000	0         	2.394000	6.67549   	2.394000	0         	
2.395000	0         	2.395000	0         	2.395000	6.67549   	2.395000	0         	
2.396000	0         	2.396000	0         	2.396000	6.67549   	2.396000	0         	
2.397000	0         	2.397000	0         	2.397000	6.67549   	2.397000	0         	
2.398000	0         	2.398000	0         	2.398000	6.67549   	2.398000	0         	
2.399000	0         	2.399000	0         	2.399000	6.67549   	2.399000	0         	
2.400000	0         	2.400000	0         	2.400000	6.67549   	2.400000	0         	
